sample	insert_mean	insert_sd	reads	mapped_pairs	proper_pairing	duplication	rmap_r1	rmap_r2	bmap_r1	bmap_r2	bdiv_r1	bdiv_r2	failed_r1	failed_r2	gc_r1	gc_r2
A2058_CONTROL_C2_N1	3642.1260	11201.8660	201577006	0.9901	0.9901	0.2914	0.9940	0.9916	0.9900	0.9877	0.0023	0.0024	0	0	0.4981	0.5114
A2058_CONTROL_C2_N2	3492.4463	10671.6560	229087782	0.9900	0.9900	0.4689	0.9937	0.9923	0.9888	0.9881	0.0022	0.0020	0	0	0.4945	0.5088
A2058_CONTROL_C2_N3	4229.4487	11985.8420	220085488	0.9871	0.9871	0.3713	0.9909	0.9884	0.9871	0.9849	0.0021	0.0024	0	0	0.4890	0.5067
A2058_CONTROL_C2_N4	3971.8257	11648.0205	197638554	0.9920	0.9920	0.3600	0.9956	0.9937	0.9915	0.9902	0.0022	0.0021	0	0	0.4907	0.5082
A2058_CONTROL_C2_N5	4067.2017	11790.7390	204837606	0.9925	0.9925	0.3674	0.9959	0.9939	0.9920	0.9907	0.0023	0.0021	0	0	0.4860	0.5018
A2058_CONTROL_C3_N1	3755.6936	11443.0620	217587538	0.9907	0.9907	0.2978	0.9949	0.9921	0.9909	0.9883	0.0022	0.0024	0	0	0.4956	0.5082
A2058_CONTROL_C3_N2	4077.0828	11811.4810	190667082	0.9924	0.9924	0.3864	0.9960	0.9937	0.9921	0.9903	0.0022	0.0023	0	0	0.4903	0.5075
A2058_CONTROL_C3_N3	4016.3650	11751.0625	200486940	0.9918	0.9918	0.3631	0.9962	0.9932	0.9923	0.9894	0.0022	0.0026	0	0	0.4881	0.5035
A2058_CONTROL_C3_N4	4114.0020	11960.3810	213574744	0.9925	0.9925	0.3928	0.9964	0.9938	0.9926	0.9902	0.0022	0.0023	0	0	0.4885	0.5048
A2058_CONTROL_C3_N5	3994.1660	11830.2870	224626376	0.9924	0.9924	0.3748	0.9962	0.9938	0.9923	0.9903	0.0022	0.0022	0	0	0.4900	0.5061
A2058_CONTROL_C4_N1	3759.7160	11413.8200	209349624	0.9914	0.9914	0.3184	0.9954	0.9929	0.9914	0.9892	0.0022	0.0024	0	0	0.4955	0.5089
A2058_CONTROL_C4_N2	3660.1453	11234.4060	227440832	0.9903	0.9903	0.3279	0.9943	0.9920	0.9902	0.9881	0.0022	0.0022	0	0	0.4963	0.5095
A2058_CONTROL_C4_N3	3929.2869	11621.9640	214465068	0.9926	0.9926	0.3782	0.9962	0.9942	0.9922	0.9906	0.0022	0.0022	0	0	0.4916	0.5077
A2058_CONTROL_C4_N5	4091.4340	12090.2550	196803016	0.9918	0.9918	0.3545	0.9957	0.9932	0.9917	0.9897	0.0022	0.0022	0	0	0.4899	0.5049
A2058_SIN3B_KO_C18_N1	3706.5396	11288.9560	204115490	0.9875	0.9875	0.2987	0.9915	0.9891	0.9875	0.9853	0.0022	0.0025	0	0	0.4942	0.5068
A2058_SIN3B_KO_C18_N2	4033.3552	11629.3600	184901994	0.9935	0.9935	0.3567	0.9971	0.9948	0.9933	0.9914	0.0021	0.0022	0	0	0.4858	0.5022
A2058_SIN3B_KO_C18_N3	4074.8477	11758.1570	234273814	0.9938	0.9938	0.3749	0.9973	0.9951	0.9935	0.9917	0.0021	0.0023	0	0	0.4872	0.5036
A2058_SIN3B_KO_C18_N4	4040.8780	11700.8330	225673428	0.9931	0.9931	0.3883	0.9967	0.9946	0.9928	0.9912	0.0022	0.0021	0	0	0.4871	0.5042
A2058_SIN3B_KO_C18_N5	3924.2122	11552.0620	230598050	0.9929	0.9929	0.3846	0.9967	0.9944	0.9927	0.9908	0.0022	0.0022	0	0	0.4870	0.5029
A2058_SIN3B_KO_C20_N1	3585.2122	11313.1920	205962230	0.9890	0.9890	0.2874	0.9933	0.9915	0.9885	0.9869	0.0023	0.0023	0	0	0.4986	0.5107
A2058_SIN3B_KO_C20_N2	3546.7583	10866.8125	210820230	0.9922	0.9922	0.4832	0.9958	0.9941	0.9915	0.9905	0.0021	0.0020	0	0	0.4664	0.4794
A2058_SIN3B_KO_C20_N3	4030.5374	11771.5030	179906404	0.9928	0.9928	0.3854	0.9966	0.9942	0.9927	0.9905	0.0022	0.0023	0	0	0.4881	0.5042
A2058_SIN3B_KO_C20_N4	4038.9485	11839.6600	210590458	0.9929	0.9929	0.3927	0.9967	0.9942	0.9929	0.9907	0.0022	0.0023	0	0	0.4897	0.5066
A2058_SIN3B_KO_C20_N5	4066.4560	11847.3330	198387844	0.9930	0.9930	0.3820	0.9965	0.9946	0.9926	0.9912	0.0022	0.0022	0	0	0.4882	0.5059
A2058_SIN3B_KO_C21_N1	3578.1850	11113.7210	148872294	0.9888	0.9888	0.2553	0.9927	0.9904	0.9887	0.9867	0.0023	0.0023	0	0	0.4957	0.5085
A2058_SIN3B_KO_C21_N2	4230.4460	12542.7720	183120846	0.9920	0.9920	0.3749	0.9957	0.9936	0.9915	0.9899	0.0022	0.0022	0	0	0.4845	0.5027
A2058_SIN3B_KO_C21_N3	3871.9202	11585.2960	286756806	0.9927	0.9927	0.4356	0.9963	0.9944	0.9922	0.9908	0.0022	0.0021	0	0	0.4888	0.5045
A2058_SIN3B_KO_C21_N4	3706.0570	11321.2110	208989540	0.9905	0.9905	0.3799	0.9949	0.9936	0.9898	0.9888	0.0022	0.0021	0	0	0.4865	0.5017
A2058_SIN3B_KO_C21_N5	4011.6655	11801.8540	203155758	0.9920	0.9920	0.3886	0.9958	0.9935	0.9919	0.9900	0.0022	0.0022	0	0	0.4856	0.5018
A375_CONTROL_C1_N1	3464.3180	10875.4390	184791120	0.9802	0.9802	0.2787	0.9852	0.9831	0.9799	0.9780	0.0022	0.0023	0	0	0.5020	0.5132
A375_CONTROL_C1_N2	3909.1565	11152.9710	204284474	0.9928	0.9928	0.3767	0.9967	0.9943	0.9926	0.9906	0.0022	0.0022	0	0	0.4958	0.5121
A375_CONTROL_C1_N3	3917.9968	11208.7750	221572110	0.9925	0.9925	0.3706	0.9963	0.9940	0.9923	0.9903	0.0022	0.0022	0	0	0.4995	0.5174
A375_CONTROL_C1_N4	3861.7854	11498.9060	232463132	0.9920	0.9920	0.3878	0.9959	0.9935	0.9919	0.9898	0.0022	0.0023	0	0	0.4975	0.5120
A375_CONTROL_C1_N5	3775.4404	10684.4550	215863476	0.9931	0.9931	0.3834	0.9965	0.9946	0.9922	0.9911	0.0022	0.0021	0	0	0.4962	0.5125
A375_CONTROL_C2_N1	3542.5234	11008.1280	170026442	0.9828	0.9828	0.2763	0.9869	0.9845	0.9828	0.9804	0.0023	0.0024	0	0	0.5039	0.5170
A375_CONTROL_C2_N2	3793.8684	11114.1180	230538546	0.9907	0.9907	0.3715	0.9947	0.9923	0.9906	0.9885	0.0022	0.0023	0	0	0.5001	0.5165
A375_CONTROL_C2_N3	3521.7470	10726.1430	184233698	0.9880	0.9880	0.3426	0.9931	0.9912	0.9872	0.9856	0.0022	0.0021	0	0	0.4995	0.5133
A375_CONTROL_C2_N4	3816.3508	11536.1460	228301766	0.9892	0.9892	0.3978	0.9931	0.9908	0.9889	0.9869	0.0022	0.0023	0	0	0.4985	0.5136
A375_CONTROL_C2_N5	3821.0537	10942.7350	226772766	0.9913	0.9913	0.3923	0.9948	0.9926	0.9907	0.9889	0.0022	0.0023	0	0	0.4984	0.5147
A375_CONTROL_C3_N1	3659.5378	11535.2140	214429388	0.9790	0.9790	0.3689	0.9832	0.9809	0.9792	0.9768	0.0022	0.0023	0	0	0.4940	0.5076
A375_CONTROL_C3_N2	3895.2944	11056.3030	216499040	0.9918	0.9918	0.3800	0.9955	0.9934	0.9914	0.9897	0.0022	0.0023	0	0	0.4957	0.5122
A375_CONTROL_C3_N3	3909.0059	11079.7060	235371616	0.9918	0.9918	0.3923	0.9954	0.9932	0.9914	0.9895	0.0021	0.0023	0	0	0.4980	0.5151
A375_CONTROL_C3_N4	4067.0818	12177.6050	233599524	0.9855	0.9855	0.3847	0.9891	0.9869	0.9851	0.9833	0.0022	0.0022	0	0	0.4945	0.5114
A375_CONTROL_C3_N5	3747.2080	10649.8050	229871606	0.9912	0.9912	0.3780	0.9949	0.9927	0.9906	0.9889	0.0022	0.0022	0	0	0.4985	0.5139
A375_SIN3B_KO_C11_N1	3171.3157	10019.3750	244551960	0.9833	0.9833	0.3106	0.9885	0.9866	0.9828	0.9809	0.0023	0.0022	0	0	0.5033	0.5142
A375_SIN3B_KO_C11_N2	3903.9119	11097.2800	195272404	0.9930	0.9930	0.3464	0.9965	0.9944	0.9924	0.9908	0.0022	0.0022	0	0	0.4983	0.5154
A375_SIN3B_KO_C11_N3	3601.0310	10679.8930	215773426	0.9928	0.9928	0.4019	0.9967	0.9942	0.9915	0.9893	0.0024	0.0025	0	0	0.5122	0.5270
A375_SIN3B_KO_C11_N4	4014.5698	11798.2980	171480742	0.9913	0.9913	0.3163	0.9952	0.9929	0.9911	0.9891	0.0022	0.0024	0	0	0.4958	0.5127
A375_SIN3B_KO_C11_N5	3895.4610	11113.2950	202104460	0.9926	0.9926	0.3695	0.9964	0.9940	0.9923	0.9902	0.0022	0.0022	0	0	0.4972	0.5138
A375_SIN3B_KO_C25_N1	3589.4810	10701.1630	200389898	0.9866	0.9866	0.3067	0.9904	0.9884	0.9862	0.9844	0.0023	0.0023	0	0	0.5026	0.5166
A375_SIN3B_KO_C25_N2	3857.9763	10970.6790	208753388	0.9925	0.9925	0.3841	0.9964	0.9940	0.9923	0.9902	0.0022	0.0024	0	0	0.4979	0.5149
A375_SIN3B_KO_C25_N3	3721.7070	10857.2960	289105064	0.9925	0.9925	0.4739	0.9959	0.9940	0.9918	0.9903	0.0021	0.0020	0	0	0.4942	0.5092
A375_SIN3B_KO_C25_N4	3859.8672	11513.9560	199260344	0.9903	0.9903	0.3431	0.9943	0.9923	0.9899	0.9882	0.0022	0.0023	0	0	0.4941	0.5100
A375_SIN3B_KO_C25_N5	3877.1023	10924.1470	199218890	0.9926	0.9926	0.3620	0.9962	0.9940	0.9921	0.9904	0.0022	0.0022	0	0	0.4974	0.5144
A375_SIN3B_KO_C26_N1	3651.7970	10706.9930	203851940	0.9861	0.9861	0.2983	0.9906	0.9876	0.9864	0.9834	0.0022	0.0027	0	0	0.5030	0.5176
A375_SIN3B_KO_C26_N2	3870.8982	10918.8820	205022662	0.9932	0.9932	0.3853	0.9967	0.9946	0.9926	0.9910	0.0021	0.0022	0	0	0.4967	0.5142
A375_SIN3B_KO_C26_N3	3888.5037	10924.6920	205418508	0.9930	0.9930	0.3876	0.9968	0.9943	0.9926	0.9906	0.0022	0.0023	0	0	0.4964	0.5142
A375_SIN3B_KO_C26_N4	3942.3370	11268.9590	194626654	0.9926	0.9926	0.3591	0.9961	0.9940	0.9921	0.9904	0.0022	0.0023	0	0	0.4981	0.5146
A375_SIN3B_KO_C26_N5	3743.6030	10641.1140	252848152	0.9922	0.9922	0.3989	0.9956	0.9940	0.9913	0.9903	0.0022	0.0022	0	0	0.4962	0.5125
SKMEL28_CONTROL_C4_N1	3886.6904	11751.3430	217498724	0.9905	0.9905	0.3288	0.9947	0.9924	0.9904	0.9881	0.0023	0.0024	0	0	0.4990	0.5109
SKMEL28_CONTROL_C4_N2	4245.4688	12098.5260	185817416	0.9930	0.9930	0.4010	0.9967	0.9947	0.9925	0.9910	0.0022	0.0023	0	0	0.4966	0.5137
SKMEL28_CONTROL_C4_N3	4194.6187	11911.6920	226242374	0.9932	0.9932	0.4088	0.9970	0.9948	0.9929	0.9912	0.0022	0.0022	0	0	0.4912	0.5067
SKMEL28_CONTROL_C4_N4	4273.8830	12038.2630	235323896	0.9934	0.9934	0.4171	0.9972	0.9948	0.9931	0.9912	0.0022	0.0021	0	0	0.4934	0.5108
SKMEL28_CONTROL_C4_N5	4187.1210	11937.5200	170908446	0.9930	0.9930	0.3934	0.9969	0.9946	0.9927	0.9908	0.0022	0.0023	0	0	0.4934	0.5104
SKMEL28_CONTROL_C6_N1	4253.9390	12273.8140	206800480	0.9929	0.9929	0.3513	0.9966	0.9944	0.9926	0.9907	0.0022	0.0023	0	0	0.4992	0.5146
SKMEL28_CONTROL_C6_N2	4274.9120	12340.8400	174129840	0.9925	0.9925	0.3120	0.9965	0.9943	0.9924	0.9904	0.0023	0.0023	0	0	0.4996	0.5160
SKMEL28_CONTROL_C6_N3	4210.3910	12226.3560	252342808	0.9925	0.9925	0.3884	0.9965	0.9941	0.9924	0.9903	0.0022	0.0023	0	0	0.4952	0.5100
SKMEL28_CONTROL_C6_N4	4433.7344	12573.3460	243819686	0.9927	0.9927	0.3920	0.9968	0.9941	0.9928	0.9904	0.0023	0.0024	0	0	0.4960	0.5127
SKMEL28_CONTROL_C6_N5	4214.3000	12219.2300	193067358	0.9925	0.9925	0.3601	0.9966	0.9940	0.9924	0.9901	0.0023	0.0023	0	0	0.4968	0.5121
SKMEL28_CONTROL_C7_N1	3918.1677	11687.9760	235151266	0.9832	0.9832	0.3335	0.9873	0.9848	0.9833	0.9809	0.0022	0.0025	0	0	0.4968	0.5093
SKMEL28_CONTROL_C7_N2	4187.3350	11922.5780	222852156	0.9895	0.9895	0.4083	0.9937	0.9908	0.9897	0.9869	0.0022	0.0026	0	0	0.4961	0.5119
SKMEL28_CONTROL_C7_N3	4188.0854	11873.0770	179876180	0.9929	0.9929	0.3732	0.9967	0.9943	0.9926	0.9908	0.0022	0.0021	0	0	0.4914	0.5079
SKMEL28_CONTROL_C7_N4	4200.8100	11891.1860	239162264	0.9918	0.9918	0.4289	0.9954	0.9933	0.9913	0.9897	0.0022	0.0022	0	0	0.4926	0.5097
SKMEL28_CONTROL_C7_N5	4151.0440	11863.1010	234855938	0.9909	0.9909	0.4000	0.9949	0.9923	0.9908	0.9885	0.0022	0.0024	0	0	0.4947	0.5102
SKMEL28_SIN3B_KO_C11_N1	3851.0464	11345.7180	176889322	0.9898	0.9898	0.3098	0.9936	0.9914	0.9895	0.9875	0.0023	0.0025	0	0	0.5012	0.5159
SKMEL28_SIN3B_KO_C11_N2	4477.9910	12255.2090	209656654	0.9931	0.9931	0.4308	0.9967	0.9945	0.9927	0.9909	0.0022	0.0023	0	0	0.4932	0.5115
SKMEL28_SIN3B_KO_C11_N3	4156.4260	11808.0340	215911728	0.9923	0.9923	0.3699	0.9963	0.9939	0.9920	0.9901	0.0022	0.0023	0	0	0.4968	0.5126
SKMEL28_SIN3B_KO_C11_N4	4238.5930	11887.9600	209230848	0.9932	0.9932	0.4109	0.9966	0.9946	0.9926	0.9911	0.0022	0.0023	0	0	0.4928	0.5083
SKMEL28_SIN3B_KO_C11_N5	4161.1220	11878.5220	208864356	0.9923	0.9923	0.3781	0.9960	0.9938	0.9919	0.9902	0.0022	0.0023	0	0	0.4942	0.5093
SKMEL28_SIN3B_KO_C20_N1	3958.7840	11739.9470	190111826	0.9865	0.9865	0.2985	0.9904	0.9881	0.9863	0.9843	0.0023	0.0023	0	0	0.4968	0.5097
SKMEL28_SIN3B_KO_C20_N2	4347.6390	12599.0070	190269318	0.9919	0.9919	0.3934	0.9955	0.9933	0.9914	0.9897	0.0022	0.0024	0	0	0.4945	0.5116
SKMEL28_SIN3B_KO_C20_N3	4259.8460	12003.3440	226660746	0.9928	0.9928	0.3870	0.9966	0.9943	0.9924	0.9906	0.0022	0.0023	0	0	0.4935	0.5103
SKMEL28_SIN3B_KO_C20_N4	4001.3733	11660.4800	203434298	0.9920	0.9920	0.3993	0.9958	0.9937	0.9914	0.9898	0.0023	0.0023	0	0	0.4924	0.5077
SKMEL28_SIN3B_KO_C20_N5	4138.7305	11897.6180	243302800	0.9922	0.9922	0.3951	0.9960	0.9938	0.9917	0.9900	0.0022	0.0023	0	0	0.4937	0.5103
SKMEL28_SIN3B_KO_C26_N1	3812.4521	11380.4720	199555474	0.9919	0.9919	0.3225	0.9959	0.9936	0.9916	0.9895	0.0023	0.0024	0	0	0.5003	0.5142
SKMEL28_SIN3B_KO_C26_N2	4187.7480	11834.5460	221980112	0.9938	0.9938	0.4030	0.9973	0.9952	0.9931	0.9917	0.0022	0.0023	0	0	0.4936	0.5104
SKMEL28_SIN3B_KO_C26_N3	4158.7490	11861.2250	197675566	0.9938	0.9938	0.3390	0.9975	0.9951	0.9933	0.9915	0.0022	0.0023	0	0	0.4956	0.5109
SKMEL28_SIN3B_KO_C26_N4	4193.3076	11844.9590	70380572	0.9937	0.9937	0.2614	0.9972	0.9951	0.9930	0.9915	0.0022	0.0024	0	0	0.4940	0.5111
SKMEL28_SIN3B_KO_C26_N5	4196.0720	11893.7610	170847778	0.9933	0.9933	0.3683	0.9970	0.9948	0.9928	0.9912	0.0022	0.0023	0	0	0.4936	0.5104
