sample_id	bam_filename	sample	platform	platform_unit	library	readgroup	read_length_r1	read_length_r2	#_mapped_bases	#_mapped_bases_r1	#_mapped_bases_r2	#_divergent_bases	#_divergent_bases_r1	#_divergent_bases_r2	#_total_reads	#_total_reads_r1	#_total_reads_r2	#_mapped_reads	#_mapped_reads_r1	#_mapped_reads_r2	#_mapped_reads_properly_paired	#_gc_bases_r1	#_gc_bases_r2	mean_insert_size	insert_size_sd	median_insert_size	#_duplicate_reads	#_mapped_pairs	#_inter_chr_pairs	#_qc_fail_r1	#_qc_fail_r2
A2058_CONTROL_C2_N1	-	A2058_CONTROL_C2_N1	ILLUMINA	38352_4	266094	589009	101	101	7016907252	3511917017	3504990235	15968810	7720517	8248293	70231056	35115528	35115528	69741806	34910011	34831795	34780565	1768583239	1816690740	3684.296	11269.338	577.000	21703097	34780565	0	0	0
A2058_CONTROL_C2_N1	-	A2058_CONTROL_C2_N1	ILLUMINA	38504_1	266094	591864	101	101	6576405529	3292089621	3284315908	15738210	7706524	8031686	65860230	32930115	32930115	65379293	32729949	32649344	32597571	1655741737	1699330504	3619.492	11158.264	559.000	18448628	32597571	0	0	0
A2058_CONTROL_C2_N1	-	A2058_CONTROL_C2_N1	ILLUMINA	38504_2	266094	591865	101	101	6538789999	3273352600	3265437399	15632161	7580581	8051580	65485720	32742860	32742860	65005035	32543023	32462012	32409796	1646413300	1689836616	3619.637	11172.975	558.000	18590997	32409796	0	0	0
A2058_CONTROL_C2_N2	-	A2058_CONTROL_C2_N2	ILLUMINA	38352_4	266095	589010	101	101	7858230137	3930506192	3927723945	16476806	8514032	7962774	78678090	39339045	39339045	78152770	39104623	39048147	38963319	1966758931	2024280459	3523.219	10719.890	632.000	38021437	38963319	0	0	0
A2058_CONTROL_C2_N2	-	A2058_CONTROL_C2_N2	ILLUMINA	38504_1	266095	591866	101	101	7529669483	3766347436	3763322047	16574439	8725971	7848468	75437436	37718718	37718718	74901753	37477549	37424204	37335464	1882742667	1936683577	3475.031	10651.185	619.000	34367346	37335464	0	0	0
A2058_CONTROL_C2_N2	-	A2058_CONTROL_C2_N2	ILLUMINA	38504_2	266095	591867	101	101	7482725482	3743014519	3739710963	16464492	8584405	7880087	74972256	37486128	37486128	74434371	37244612	37189759	37101781	1871458026	1925130721	3477.654	10641.426	618.000	35035365	37101781	0	0	0
A2058_CONTROL_C2_N3	-	A2058_CONTROL_C2_N3	ILLUMINA	38352_4	266096	589011	101	101	7638067871	3822687149	3815380722	16731371	7899030	8832341	76655056	38327528	38327528	75893300	37990086	37903214	37855047	1893721280	1963300100	4281.988	12083.038	894.000	28574825	37855047	0	0	0
A2058_CONTROL_C2_N3	-	A2058_CONTROL_C2_N3	ILLUMINA	38504_1	266096	591868	101	101	7161067599	3584828185	3576239414	16606481	7902167	8704314	71927466	35963733	35963733	71170189	35631102	35539087	35489669	1775807198	1839419647	4201.603	11933.211	872.000	26520730	35489669	0	0	0
A2058_CONTROL_C2_N3	-	A2058_CONTROL_C2_N3	ILLUMINA	38504_2	266096	591869	101	101	7118688634	3563653769	3555034865	16488022	7765054	8722968	71502966	35751483	35751483	70749440	35420584	35328856	35279178	1765492116	1828536926	4201.085	11933.841	871.000	26614684	35279178	0	0	0
A2058_CONTROL_C2_N4	-	A2058_CONTROL_C2_N4	ILLUMINA	38352_4	266097	589012	101	101	6957999628	3481265450	3476734178	14776704	7382701	7394003	69501646	34750823	34750823	69147163	34605062	34542101	34486180	1723352626	1785581495	4018.772	11734.974	766.000	26127042	34486180	0	0	0
A2058_CONTROL_C2_N4	-	A2058_CONTROL_C2_N4	ILLUMINA	38504_1	266097	591870	101	101	6434689488	3219613855	3215075633	14334309	7305260	7029049	64309800	32154900	32154900	63958483	32008412	31950071	31892272	1592747978	1649260673	3945.102	11592.786	746.000	22401960	31892272	0	0	0
A2058_CONTROL_C2_N4	-	A2058_CONTROL_C2_N4	ILLUMINA	38504_2	266097	591871	101	101	6386197413	3195502597	3190694816	14188325	7162726	7025599	63827108	31913554	31913554	63476295	31768150	31708145	31651702	1581023799	1636881582	3947.602	11608.383	745.000	22615459	31651702	0	0	0
A2058_CONTROL_C2_N5	-	A2058_CONTROL_C2_N5	ILLUMINA	38352_4	266098	589013	101	101	7200887228	3602503007	3598384221	15269853	7864044	7405809	71887566	35943783	35943783	71543656	35805894	35737762	35689316	1766071738	1824528038	4119.163	11885.133	780.000	27395772	35689316	0	0	0
A2058_CONTROL_C2_N5	-	A2058_CONTROL_C2_N5	ILLUMINA	38504_1	266098	591872	101	101	6671911306	3338291435	3333619871	15036992	7853736	7183256	66649352	33324676	33324676	66302320	33184865	33117455	33067584	1634733529	1687334829	4037.907	11730.639	757.000	23802625	33067584	0	0	0
A2058_CONTROL_C2_N5	-	A2058_CONTROL_C2_N5	ILLUMINA	38504_2	266098	591873	101	101	6636572633	3320652355	3315920278	14951436	7733787	7217649	66300688	33150344	33150344	65951216	33009339	32941877	32892064	1626443741	1678697446	4040.272	11748.097	756.000	24065919	32892064	0	0	0
A2058_CONTROL_C3_N1	-	A2058_CONTROL_C3_N1	ILLUMINA	38352_4	266099	589014	101	101	7519667586	3764166113	3755501473	16863632	8083294	8780338	75202338	37601169	37601169	74731427	37413995	37317432	37266371	1884608127	1933767577	3802.815	11506.597	605.000	23707494	37266371	0	0	0
A2058_CONTROL_C3_N1	-	A2058_CONTROL_C3_N1	ILLUMINA	38504_1	266099	591874	101	101	7126932737	3568364396	3558568341	16816813	8139878	8676935	71315646	35657823	35657823	70845122	35472796	35372326	35319847	1783594859	1828573709	3731.595	11414.022	585.000	20450401	35319847	0	0	0
A2058_CONTROL_C3_N1	-	A2058_CONTROL_C3_N1	ILLUMINA	38504_2	266099	591875	101	101	7102167089	3556096088	3546071001	16744616	8013699	8730917	71069554	35534777	35534777	70598551	35349817	35248734	35196510	1777378277	1822265391	3729.984	11404.640	584.000	20649997	35196510	0	0	0
A2058_CONTROL_C3_N2	-	A2058_CONTROL_C3_N2	ILLUMINA	38352_4	266100	589015	101	101	6590755516	3298020501	3292735015	14169495	6900727	7268768	65806444	32903222	32903222	65487014	32777808	32709206	32669344	1630698902	1688733731	4121.575	11869.217	810.000	26499944	32669344	0	0	0
A2058_CONTROL_C3_N2	-	A2058_CONTROL_C3_N2	ILLUMINA	38504_1	266100	591876	101	101	6265133521	3135668416	3129465105	14212064	6995407	7216657	62598344	31299172	31299172	62265001	31168531	31096470	31054701	1549406012	1603113464	4054.503	11791.898	789.000	23459046	31054701	0	0	0
A2058_CONTROL_C3_N2	-	A2058_CONTROL_C3_N2	ILLUMINA	38504_2	266100	591877	101	101	6231535898	3118885593	3112650305	14110505	6883856	7226649	62262294	31131147	31131147	61930542	31001380	30929162	30887504	1541296488	1594654905	4052.726	11769.864	789.000	23720867	30887504	0	0	0
A2058_CONTROL_C3_N3	-	A2058_CONTROL_C3_N3	ILLUMINA	38352_4	266101	589016	101	101	6965109840	3486603027	3478506813	16000132	7266356	8733776	69556382	34778191	34778191	69216499	34653401	34563098	34517663	1716227640	1771388195	4066.581	11841.138	768.000	26146052	34517663	0	0	0
A2058_CONTROL_C3_N3	-	A2058_CONTROL_C3_N3	ILLUMINA	38504_1	266101	591878	101	101	6560696992	3285648844	3275048148	16302681	7309585	8993096	65578332	32789166	32789166	65217339	32660860	32556479	32509727	1615632494	1665981692	3988.728	11699.452	747.000	23238063	32509727	0	0	0
A2058_CONTROL_C3_N3	-	A2058_CONTROL_C3_N3	ILLUMINA	38504_2	266101	591879	101	101	6538132869	3274342370	3263790499	16128259	7202783	8925476	65352226	32676113	32676113	64991799	32547950	32443849	32397498	1610022369	1660155930	3990.595	11706.316	747.000	23402735	32397498	0	0	0
A2058_CONTROL_C3_N4	-	A2058_CONTROL_C3_N4	ILLUMINA	38352_4	266102	589017	101	101	7466314385	3736869841	3729444544	16305338	7866244	8439094	74524376	37262188	37262188	74189528	37140375	37049153	37004397	1839760749	1902117098	4163.346	12034.200	823.000	30434205	37004397	0	0	0
A2058_CONTROL_C3_N4	-	A2058_CONTROL_C3_N4	ILLUMINA	38504_1	266102	591880	101	101	6978281521	3493466545	3484814976	16154952	7875788	8279164	69710682	34855341	34855341	69357476	34726649	34630827	34583826	1719195332	1775970674	4088.702	11930.076	800.000	26579465	34583826	0	0	0
A2058_CONTROL_C3_N4	-	A2058_CONTROL_C3_N4	ILLUMINA	38504_2	266102	591881	101	101	6940923594	3474862164	3466061430	16054114	7749627	8304487	69339686	34669843	34669843	68985039	34540450	34444589	34397244	1710031858	1766459753	4086.355	11911.048	801.000	26873575	34397244	0	0	0
A2058_CONTROL_C3_N5	-	A2058_CONTROL_C3_N5	ILLUMINA	38352_4	266103	589018	101	101	7727056004	3866973261	3860082743	16509765	8153775	8355990	77142148	38571074	38571074	76782988	38434960	38348028	38295060	1910829707	1974744989	4045.309	11920.666	743.000	30131399	38295060	0	0	0
A2058_CONTROL_C3_N5	-	A2058_CONTROL_C3_N5	ILLUMINA	38504_1	266103	591882	101	101	7393031437	3700503637	3692527800	16695254	8342300	8352954	73859006	36929503	36929503	73480790	36785935	36694855	36638686	1826807392	1886280645	3969.998	11807.236	721.000	26847275	36638686	0	0	0
A2058_CONTROL_C3_N5	-	A2058_CONTROL_C3_N5	ILLUMINA	38504_2	266103	591883	101	101	7369432507	3688810218	3680622289	16615266	8228234	8387032	73625222	36812611	36812611	73245686	36669042	36576644	36520950	1821202131	1880369707	3964.783	11758.038	721.000	27222231	36520950	0	0	0
A2058_CONTROL_C4_N1	-	A2058_CONTROL_C4_N1	ILLUMINA	38352_4	266104	589019	101	101	7255942166	3631599264	3624342902	16308716	7860702	8448014	72514972	36257486	36257486	72111207	36097871	36013336	35962843	1816481563	1866537714	3805.151	11502.521	628.000	24408090	35962843	0	0	0
A2058_CONTROL_C4_N1	-	A2058_CONTROL_C4_N1	ILLUMINA	38504_1	266104	591884	101	101	6870152651	3439178189	3430974462	16278550	7932784	8345766	68701214	34350607	34350607	68292782	34190162	34102620	34050195	1718119980	1764040561	3736.400	11369.568	607.000	21074418	34050195	0	0	0
A2058_CONTROL_C4_N1	-	A2058_CONTROL_C4_N1	ILLUMINA	38504_2	266104	591885	101	101	6813151378	3410754441	3402396937	16088041	7771374	8316667	68133438	34066719	34066719	67725428	33906905	33818523	33766638	1704340971	1749867522	3734.838	11363.408	608.000	21174056	33766638	0	0	0
A2058_CONTROL_C4_N2	-	A2058_CONTROL_C4_N2	ILLUMINA	38352_4	266105	589020	101	101	7832578370	3919957054	3912621316	17065914	8479765	8586149	78361672	39180836	39180836	77850317	38968383	38881934	38821730	1966423449	2019835008	3706.793	11327.176	597.000	27214181	38821730	0	0	0
A2058_CONTROL_C4_N2	-	A2058_CONTROL_C4_N2	ILLUMINA	38504_1	266105	591886	101	101	7468826180	3738479147	3730347033	17111911	8625318	8486593	74774372	37387186	37387186	74251580	37170160	37081420	37017580	1872836554	1922138624	3633.681	11183.296	577.000	23554326	37017580	0	0	0
A2058_CONTROL_C4_N2	-	A2058_CONTROL_C4_N2	ILLUMINA	38504_2	266105	591887	101	101	7421439572	3714877613	3706561959	16998286	8486248	8512038	74304788	37152394	37152394	73780826	36935070	36845756	36782718	1861290626	1910331165	3637.545	11187.311	577.000	23801580	36782718	0	0	0
A2058_CONTROL_C4_N3	-	A2058_CONTROL_C4_N3	ILLUMINA	38352_4	266106	589021	101	101	7496880038	3751017805	3745862233	15823715	7869015	7954700	74839498	37419749	37419749	74500778	37286044	37214734	37160271	1859502698	1921762489	3975.484	11713.768	756.000	29488016	37160271	0	0	0
A2058_CONTROL_C4_N3	-	A2058_CONTROL_C4_N3	ILLUMINA	38504_1	266106	591888	101	101	7009436264	3507704121	3501732143	15623209	7881088	7742121	70019812	35009906	35009906	69672392	34872852	34799540	34743623	1737192767	1793787880	3904.713	11574.086	735.000	25635850	34743623	0	0	0
A2058_CONTROL_C4_N3	-	A2058_CONTROL_C4_N3	ILLUMINA	38504_2	266106	591889	101	101	6967937572	3486960960	3480976612	15502925	7747572	7755353	69605758	34802879	34802879	69260066	34666360	34593706	34537685	1727145696	1783396630	3904.303	11570.751	735.000	25990218	34537685	0	0	0
A2058_CONTROL_C4_N5	-	A2058_CONTROL_C4_N5	ILLUMINA	38352_4	266107	589022	101	101	6876441790	3441333888	3435107902	14820123	7275970	7544153	68685384	34342692	34342692	68330262	34204465	34125797	34080667	1700487871	1753721377	4140.294	12164.110	768.000	25470183	34080667	0	0	0
A2058_CONTROL_C4_N5	-	A2058_CONTROL_C4_N5	ILLUMINA	38504_1	266107	591890	101	101	6436682277	3221931242	3214751035	14629801	7271884	7357917	64347856	32173928	32173928	63975354	32028357	31946997	31900350	1591106166	1639560618	4063.718	12036.305	746.000	22059362	31900350	0	0	0
A2058_CONTROL_C4_N5	-	A2058_CONTROL_C4_N5	ILLUMINA	38504_2	266107	591891	101	101	6378971302	3193118130	3185853172	14482272	7130562	7351710	63769776	31884888	31884888	63401049	31741298	31659751	31613338	1577021478	1624976734	4066.728	12064.684	746.000	22246700	31613338	0	0	0
A2058_SIN3B_KO_C18_N1	-	A2058_SIN3B_KO_C18_N1	ILLUMINA	38352_4	266108	589023	101	101	7067360142	3537108527	3530251615	16268077	7718055	8550022	70897296	35448648	35448648	70238581	35159224	35079357	35027226	1770459831	1816597452	3749.915	11352.784	585.000	22446544	35027226	0	0	0
A2058_SIN3B_KO_C18_N1	-	A2058_SIN3B_KO_C18_N1	ILLUMINA	38504_1	266108	591892	101	101	6655529616	3331761926	3323767690	16276973	7762143	8514830	66822634	33411317	33411317	66163204	33123245	33039959	32985125	1666927389	1709103374	3683.340	11259.075	566.000	19224763	32985125	0	0	0
A2058_SIN3B_KO_C18_N1	-	A2058_SIN3B_KO_C18_N1	ILLUMINA	38504_2	266108	591893	101	101	6612791285	3310442936	3302348349	16136562	7632582	8503980	66395560	33197780	33197780	65738511	32911178	32827333	32772558	1656437192	1698378583	3683.531	11250.512	566.000	19303854	32772558	0	0	0
A2058_SIN3B_KO_C18_N2	-	A2058_SIN3B_KO_C18_N2	ILLUMINA	38352_4	266109	589024	101	101	6495881063	3250447143	3245433920	13705576	6758261	6947315	64781898	32390949	32390949	64540221	32304223	32235998	32194116	1590565946	1645185658	4079.459	11721.321	790.000	24105378	32194116	0	0	0
A2058_SIN3B_KO_C18_N2	-	A2058_SIN3B_KO_C18_N2	ILLUMINA	38504_1	266109	591894	101	101	6038365003	3022293253	3016071750	13490968	6710518	6780450	60259012	30129506	30129506	60007969	30040719	29967250	29925690	1477784596	1527216342	4004.126	11552.363	769.000	20813135	29925690	0	0	0
A2058_SIN3B_KO_C18_N2	-	A2058_SIN3B_KO_C18_N2	ILLUMINA	38504_2	266109	591895	101	101	5998366486	3002309899	2996056587	13378625	6594811	6783814	59861084	29930542	29930542	59609874	29841678	29768196	29726775	1468010810	1517225239	4012.850	11606.607	769.000	21033135	29726775	0	0	0
A2058_SIN3B_KO_C18_N3	-	A2058_SIN3B_KO_C18_N3	ILLUMINA	38352_4	266110	589025	101	101	8135793326	4071023576	4064769750	17378142	8419663	8958479	81122654	40561327	40561327	80834867	40459444	40375423	40324697	1997535333	2066149646	4126.769	11855.221	799.000	31745879	40324697	0	0	0
A2058_SIN3B_KO_C18_N3	-	A2058_SIN3B_KO_C18_N3	ILLUMINA	38504_1	266110	591896	101	101	7701018244	3854290121	3846728123	17356365	8479347	8877018	76832874	38416437	38416437	76531395	38310175	38221220	38168977	1889590890	1952673299	4046.425	11699.110	775.000	27919101	38168977	0	0	0
A2058_SIN3B_KO_C18_N3	-	A2058_SIN3B_KO_C18_N3	ILLUMINA	38504_2	266110	591897	101	101	7649198248	3828494105	3820704143	17232461	8338099	8894362	76318286	38159143	38159143	76016559	38053366	37963193	37911794	1877050907	1939644672	4048.238	11713.707	776.000	28172778	37911794	0	0	0
A2058_SIN3B_KO_C18_N4	-	A2058_SIN3B_KO_C18_N4	ILLUMINA	38352_4	266111	589026	101	101	7872118283	3938796050	3933322233	16425497	8315779	8109718	78531688	39265844	39265844	78217374	39148616	39068758	39016306	1933276772	2002414868	4090.023	11784.640	786.000	31736859	39016306	0	0	0
A2058_SIN3B_KO_C18_N4	-	A2058_SIN3B_KO_C18_N4	ILLUMINA	38504_1	266111	591898	101	101	7396563481	3701371235	3695192246	16322471	8393934	7928537	73845258	36922629	36922629	73509380	36795027	36714353	36658445	1815660954	1878947262	4014.922	11671.962	764.000	27771322	36658445	0	0	0
A2058_SIN3B_KO_C18_N4	-	A2058_SIN3B_KO_C18_N4	ILLUMINA	38504_2	266111	591899	101	101	7341202565	3673821815	3667380750	16201492	8254350	7947142	73296482	36648241	36648241	72959973	36520750	36439223	36383891	1802356838	1865158723	4014.329	11639.533	764.000	28129303	36383891	0	0	0
A2058_SIN3B_KO_C18_N5	-	A2058_SIN3B_KO_C18_N5	ILLUMINA	38352_4	266112	589027	101	101	7944615170	3975555389	3969059781	16798212	8352563	8445649	79278984	39639492	39639492	78948471	39517563	39430908	39376685	1951733390	2016999757	3971.781	11646.264	724.000	31828551	39376685	0	0	0
A2058_SIN3B_KO_C18_N5	-	A2058_SIN3B_KO_C18_N5	ILLUMINA	38504_1	266112	591900	101	101	7596801604	3802153169	3794648435	16934819	8538050	8396769	75858992	37929496	37929496	75509197	37799475	37709722	37651968	1864718589	1924998362	3897.499	11492.976	702.000	28239063	37651968	0	0	0
A2058_SIN3B_KO_C18_N5	-	A2058_SIN3B_KO_C18_N5	ILLUMINA	38504_2	266112	591901	101	101	7556811527	3782190585	3774620942	16864788	8414841	8449947	75460074	37730037	37730037	75110916	37600073	37510843	37453204	1854889919	1914850321	3901.055	11511.794	703.000	28625338	37453204	0	0	0
A2058_SIN3B_KO_C20_N1	-	A2058_SIN3B_KO_C20_N1	ILLUMINA	38352_4	266113	589028	101	101	7167277391	3586252504	3581024887	15937151	7895705	8041446	71806944	35903472	35903472	71285884	35675326	35610558	35525493	1809947445	1854881423	3627.395	11371.226	540.000	21901737	35525493	0	0	0
A2058_SIN3B_KO_C20_N1	-	A2058_SIN3B_KO_C20_N1	ILLUMINA	38504_1	266113	591902	101	101	6707161942	3356390126	3350771816	15629369	7887844	7741525	67246866	33623433	33623433	66727233	33394970	33332263	33244908	1692083866	1732880283	3563.211	11286.177	522.000	18538119	33244908	0	0	0
A2058_SIN3B_KO_C20_N1	-	A2058_SIN3B_KO_C20_N1	ILLUMINA	38504_2	266113	591903	101	101	6672816152	3339354125	3333462027	15540294	7770580	7769714	66908420	33454210	33454210	66386026	33225224	33160802	33073582	1683724534	1724324513	3562.017	11277.766	521.000	18755684	33073582	0	0	0
A2058_SIN3B_KO_C20_N2	-	A2058_SIN3B_KO_C20_N2	ILLUMINA	38352_4	266114	589029	101	101	7282153283	3642621477	3639531806	14773462	7539474	7233988	72716366	36358183	36358183	72377641	36217942	36159699	36094461	1712599900	1760847117	3576.157	10898.020	541.000	36132352	36094461	0	0	0
A2058_SIN3B_KO_C20_N2	-	A2058_SIN3B_KO_C20_N2	ILLUMINA	38504_1	266114	591904	101	101	6935086316	3469391489	3465694827	14818922	7647917	7171005	69300944	34650472	34650472	68942600	34500706	34441894	34373063	1632276991	1677721656	3532.350	10869.772	530.000	32598741	34373063	0	0	0
A2058_SIN3B_KO_C20_N2	-	A2058_SIN3B_KO_C20_N2	ILLUMINA	38504_2	266114	591905	101	101	6884804120	3444391307	3440412813	14748951	7530033	7218918	68802920	34401460	34401460	68442640	34251462	34191178	34122724	1620703021	1665779095	3530.175	10830.712	530.000	33146253	34122724	0	0	0
A2058_SIN3B_KO_C20_N3	-	A2058_SIN3B_KO_C20_N3	ILLUMINA	38352_4	266115	589030	101	101	6292088960	3148840293	3143248667	13803912	6607328	7196584	62795168	31397584	31397584	62528408	31299165	31229243	31188238	1549184517	1601397489	4070.096	11822.429	768.000	25196590	31188238	0	0	0
A2058_SIN3B_KO_C20_N3	-	A2058_SIN3B_KO_C20_N3	ILLUMINA	38504_1	266115	591906	101	101	5880984391	2943848062	2937136329	13626515	6578578	7047937	58734782	29367391	29367391	58455614	29264943	29190671	29148099	1446897097	1494380163	4006.445	11730.123	749.000	21952256	29148099	0	0	0
A2058_SIN3B_KO_C20_N3	-	A2058_SIN3B_KO_C20_N3	ILLUMINA	38504_2	266115	591907	101	101	5844946905	2925940598	2919006307	13555748	6479035	7076713	58376454	29188227	29188227	58098071	29086762	29011309	28969771	1438060087	1485216698	4012.191	11758.111	748.000	22192488	28969771	0	0	0
A2058_SIN3B_KO_C20_N4	-	A2058_SIN3B_KO_C20_N4	ILLUMINA	38352_4	266116	589031	101	101	7409501574	3708046245	3701455329	16013717	7779625	8234092	73927476	36963738	36963738	73621005	36851975	36769030	36724154	1829396700	1893616793	4084.734	11908.043	753.000	30134271	36724154	0	0	0
A2058_SIN3B_KO_C20_N4	-	A2058_SIN3B_KO_C20_N4	ILLUMINA	38504_1	266116	591908	101	101	6861584643	3434859611	3426725032	15776347	7690909	8085438	68515750	34257875	34257875	68193672	34141433	34052239	34006255	1693785615	1751666690	4014.976	11794.335	732.000	26139733	34006255	0	0	0
A2058_SIN3B_KO_C20_N4	-	A2058_SIN3B_KO_C20_N4	ILLUMINA	38504_2	266116	591909	101	101	6824580960	3416443997	3408136963	15663864	7563006	8100858	68147232	34073616	34073616	67825151	33957733	33867418	33821893	1684975594	1742357502	4013.338	11810.645	734.000	26429302	33821893	0	0	0
A2058_SIN3B_KO_C20_N5	-	A2058_SIN3B_KO_C20_N5	ILLUMINA	38352_4	266117	589032	101	101	6916258530	3460277463	3455981067	14846604	7281017	7565587	68999804	34499902	34499902	68721374	34391718	34329656	34279662	1702174119	1764947640	4114.038	11923.762	769.000	27501568	34279662	0	0	0
A2058_SIN3B_KO_C20_N5	-	A2058_SIN3B_KO_C20_N5	ILLUMINA	38504_1	266117	591910	101	101	6494792621	3249939724	3244852897	14740955	7328784	7412171	64847584	32423792	32423792	64548052	32305990	32242062	32189297	1598193802	1655794328	4040.668	11813.251	749.000	23999694	32189297	0	0	0
A2058_SIN3B_KO_C20_N5	-	A2058_SIN3B_KO_C20_N5	ILLUMINA	38504_2	266117	591911	101	101	6463778982	3234461377	3229317605	14651738	7212301	7439437	64540456	32270228	32270228	64240037	32151955	32088082	32035101	1590714456	1648075624	4041.453	11799.386	749.000	24273736	32035101	0	0	0
A2058_SIN3B_KO_C21_N1	-	A2058_SIN3B_KO_C21_N1	ILLUMINA	38352_4	266118	589033	101	101	5232773828	2618742538	2614031290	11561409	5744245	5817164	52434720	26217360	26217360	52005331	26031463	25973868	25934314	1313948713	1348498843	3618.960	11189.389	543.000	14359013	25934314	0	0	0
A2058_SIN3B_KO_C21_N1	-	A2058_SIN3B_KO_C21_N1	ILLUMINA	38504_1	266118	591912	101	101	4826727452	2415903800	2410823652	11233930	5667108	5566822	48395456	24197728	24197728	47980868	24019034	23961834	23922457	1210586812	1241574938	3556.900	11079.777	527.000	11780583	23922457	0	0	0
A2058_SIN3B_KO_C21_N1	-	A2058_SIN3B_KO_C21_N1	ILLUMINA	38504_2	266118	591913	101	101	4791499322	2398304370	2393194952	11126897	5560690	5566207	48042118	24021059	24021059	47629829	23843115	23786714	23747193	1201981969	1232731531	3555.098	11064.838	527.000	11866780	23747193	0	0	0
A2058_SIN3B_KO_C21_N2	-	A2058_SIN3B_KO_C21_N2	ILLUMINA	38352_4	266119	589034	101	101	6395269440	3199907991	3195361449	13580917	6690826	6890091	63887100	31943550	31943550	63563168	31813435	31749733	31702767	1564506147	1624175053	4277.664	12628.606	813.000	24998844	31702767	0	0	0
A2058_SIN3B_KO_C21_N2	-	A2058_SIN3B_KO_C21_N2	ILLUMINA	38504_1	266119	591914	101	101	5983664230	2994436824	2989227406	13369846	6684792	6685054	59814240	29907120	29907120	59485133	29775164	29709969	29661763	1462662833	1517128321	4205.195	12502.996	793.000	21685793	29661763	0	0	0
A2058_SIN3B_KO_C21_N2	-	A2058_SIN3B_KO_C21_N2	ILLUMINA	38504_2	266119	591915	101	101	5944189506	2974801540	2969387966	13273824	6562431	6711393	59419506	29709753	29709753	59093021	29579578	29513443	29465778	1453060381	1507219924	4205.060	12489.971	791.000	21963504	29465778	0	0	0
A2058_SIN3B_KO_C21_N3	-	A2058_SIN3B_KO_C21_N3	ILLUMINA	38352_4	266120	589035	101	101	9687190812	4846677051	4840513761	20382013	10199756	10182257	96685494	48342747	48342747	96273625	48181378	48092247	48013807	2389152063	2467571603	3919.737	11659.642	682.000	43655197	48013807	0	0	0
A2058_SIN3B_KO_C21_N3	-	A2058_SIN3B_KO_C21_N3	ILLUMINA	38504_1	266120	591916	101	101	9525626953	4766324743	4759302210	21145293	10757470	10387823	95145540	47572770	47572770	94690600	47390926	47299674	47211932	2346963879	2421863666	3844.396	11539.951	659.000	40283339	47211932	0	0	0
A2058_SIN3B_KO_C21_N3	-	A2058_SIN3B_KO_C21_N3	ILLUMINA	38504_2	266120	591917	101	101	9503335204	4755383975	4747951229	21075756	10615369	10460387	94925772	47462886	47462886	94469149	47281175	47187974	47101339	2341638577	2416546496	3850.765	11554.588	660.000	40982585	47101339	0	0	0
A2058_SIN3B_KO_C21_N4	-	A2058_SIN3B_KO_C21_N4	ILLUMINA	38352_4	266121	589036	101	101	7254778452	3629090063	3625688389	15206223	7678312	7527911	72567218	36283609	36283609	72176266	36113020	36063246	35958906	1784622023	1841495966	3754.652	11400.460	619.000	28676283	35958906	0	0	0
A2058_SIN3B_KO_C21_N4	-	A2058_SIN3B_KO_C21_N4	ILLUMINA	38504_1	266121	591918	101	101	6830396419	3416991446	3413404973	15051633	7781701	7269932	68378896	34189448	34189448	67974033	34010738	33963295	33855626	1679173922	1731223895	3679.512	11266.753	597.000	25150182	33855626	0	0	0
A2058_SIN3B_KO_C21_N4	-	A2058_SIN3B_KO_C21_N4	ILLUMINA	38504_2	266121	591919	101	101	6796412045	3400048908	3396363137	14974808	7657010	7317798	68043426	34021713	34021713	67636552	33842173	33794379	33686779	1670925476	1722724143	3680.863	11290.881	597.000	25568431	33686779	0	0	0
A2058_SIN3B_KO_C21_N5	-	A2058_SIN3B_KO_C21_N5	ILLUMINA	38352_4	266122	589037	101	101	7084851505	3545313989	3539537516	15191751	7479893	7711858	70745834	35372917	35372917	70399738	35237690	35162048	35112281	1735957761	1794980587	4058.321	11866.995	725.000	28545180	35112281	0	0	0
A2058_SIN3B_KO_C21_N5	-	A2058_SIN3B_KO_C21_N5	ILLUMINA	38504_1	266122	591920	101	101	6641129181	3323956935	3317172246	15108054	7526353	7581701	66375990	33187995	33187995	66006632	33042933	32963699	32910725	1627010487	1681074293	3987.695	11762.650	705.000	25053990	32910725	0	0	0
A2058_SIN3B_KO_C21_N5	-	A2058_SIN3B_KO_C21_N5	ILLUMINA	38504_2	266122	591921	101	101	6606707046	3306803719	3299903327	15022294	7410440	7611854	66033934	33016967	33016967	65664108	32871799	32792309	32739512	1618840132	1672440101	3985.725	11771.103	704.000	25337066	32739512	0	0	0
A375_CONTROL_C1_N1	-	A375_CONTROL_C1_N1	ILLUMINA	38352_4	266034	588949	101	101	6182767340	3094181131	3088586209	13738479	6728304	7010175	62499572	31249786	31249786	61525351	30793460	30731891	30646572	1586960280	1623245746	3520.426	10987.867	610.000	18610640	30646572	0	0	0
A375_CONTROL_C1_N1	-	A375_CONTROL_C1_N1	ILLUMINA	38504_1	266034	591744	101	101	6058491053	3032451547	3026039506	14125094	7036282	7088812	61289462	30644731	30644731	60308714	30186875	30121839	30030876	1552575522	1586667863	3433.515	10814.765	586.000	16353843	30030876	0	0	0
A375_CONTROL_C1_N1	-	A375_CONTROL_C1_N1	ILLUMINA	38504_2	266034	591745	101	101	6029657591	3018073200	3011584391	14052996	6924685	7128311	61002086	30501043	30501043	60022236	30043576	29978660	29887880	1545295929	1579279397	3437.737	10820.218	586.000	16533860	29887880	0	0	0
A375_CONTROL_C1_N2	-	A375_CONTROL_C1_N2	ILLUMINA	38352_4	266035	588950	101	101	7073050802	3539735189	3533315613	14839385	7361915	7477470	70590366	35295183	35295183	70291783	35186029	35105754	35057912	1768504037	1827482637	3957.318	11232.301	889.000	27803203	35057912	0	0	0
A375_CONTROL_C1_N2	-	A375_CONTROL_C1_N2	ILLUMINA	38504_1	266035	591746	101	101	6713242191	3360197199	3353044992	14841540	7477059	7364481	67044952	33522476	33522476	66731545	33406761	33324784	33274742	1678224803	1732592822	3883.949	11117.100	867.000	24410604	33274742	0	0	0
A375_CONTROL_C1_N2	-	A375_CONTROL_C1_N2	ILLUMINA	38504_2	266035	591747	101	101	6673592820	3340426774	3333166046	14740920	7343119	7397801	66649156	33324578	33324578	66337380	33209550	33127830	33077892	1668369041	1722605746	3883.470	11104.514	867.000	24731987	33077892	0	0	0
A375_CONTROL_C1_N3	-	A375_CONTROL_C1_N3	ILLUMINA	38352_4	266036	588951	101	101	7610124295	3808508534	3801615761	16329346	7973027	8356319	75972636	37986318	37986318	75629233	37855537	37773696	37721003	1917514732	1987480271	3971.646	11303.290	883.000	29485975	37721003	0	0	0
A375_CONTROL_C1_N3	-	A375_CONTROL_C1_N3	ILLUMINA	38504_1	266036	591748	101	101	7310494697	3659158074	3651336623	16559122	8182094	8377028	73036762	36518381	36518381	72668474	36376746	36291728	36235282	1841691777	1907107050	3888.199	11156.455	859.000	26179337	36235282	0	0	0
A375_CONTROL_C1_N3	-	A375_CONTROL_C1_N3	ILLUMINA	38504_2	266036	591749	101	101	7262856044	3635410522	3627445522	16427801	8030666	8397135	72562712	36281356	36281356	72194652	36139898	36054754	35998226	1830132010	1895129648	3891.775	11161.764	860.000	26458633	35998226	0	0	0
A375_CONTROL_C1_N4	-	A375_CONTROL_C1_N4	ILLUMINA	38352_4	266037	588952	101	101	8054367316	4031136601	4023230715	17604586	8679279	8925307	80442464	40221232	40221232	80043027	40067134	39975893	39917778	2023136226	2082764987	3911.349	11591.366	815.000	32452561	39917778	0	0	0
A375_CONTROL_C1_N4	-	A375_CONTROL_C1_N4	ILLUMINA	38504_1	266037	591750	101	101	7623720822	3816191964	3807528858	17525056	8753375	8771681	76197420	38098710	38098710	75780727	37936936	37843791	37782811	1913471787	1968428645	3836.265	11443.418	792.000	28680428	37782811	0	0	0
A375_CONTROL_C1_N4	-	A375_CONTROL_C1_N4	ILLUMINA	38504_2	266037	591751	101	101	7586121326	3797508629	3788612697	17431898	8622493	8809405	75823248	37911624	37911624	75406857	37750075	37656782	37596279	1904286154	1958868180	3834.808	11455.890	792.000	29026522	37596279	0	0	0
A375_CONTROL_C1_N5	-	A375_CONTROL_C1_N5	ILLUMINA	38352_4	266038	588953	101	101	7490145680	3746994191	3743151489	15642339	7967604	7674735	74757708	37378854	37378854	74446409	37258102	37188307	37133513	1874570944	1937017015	3821.924	10754.877	889.000	29821729	37133513	0	0	0
A375_CONTROL_C1_N5	-	A375_CONTROL_C1_N5	ILLUMINA	38504_1	266038	591752	101	101	7080049074	3542158134	3537890940	15482989	8049009	7433980	70705218	35352609	35352609	70384315	35226532	35157783	35100575	1771103711	1828711849	3749.338	10643.593	867.000	26258426	35100575	0	0	0
A375_CONTROL_C1_N5	-	A375_CONTROL_C1_N5	ILLUMINA	38504_2	266038	591753	101	101	7049464497	3526938443	3522526054	15383375	7901203	7482172	70400550	35200275	35200275	70079919	35074292	35005627	34948554	1763544298	1820989039	3752.266	10650.291	868.000	26687910	34948554	0	0	0
A375_CONTROL_C2_N1	-	A375_CONTROL_C2_N1	ILLUMINA	38352_4	266039	588954	101	101	5873143146	2939758587	2933384559	13427386	6512146	6915240	59213546	29606773	29606773	58384528	29226190	29158338	29110077	1508180089	1547907319	3586.367	11079.953	623.000	17346429	29110077	0	0	0
A375_CONTROL_C2_N1	-	A375_CONTROL_C2_N1	ILLUMINA	38504_1	266039	591754	101	101	5510290830	2758627181	2751663649	13311490	6532156	6779334	55592484	27796242	27796242	54792123	27430358	27361765	27312168	1414043928	1450223724	3518.171	10952.998	604.000	14765292	27312168	0	0	0
A375_CONTROL_C2_N1	-	A375_CONTROL_C2_N1	ILLUMINA	38504_2	266039	591755	101	101	5473148863	2740069078	2733079785	13193287	6412592	6780695	55220412	27610206	27610206	54422220	27245642	27176578	27127450	1404726196	1440670644	3519.995	10986.146	604.000	14867980	27127450	0	0	0
A375_CONTROL_C2_N2	-	A375_CONTROL_C2_N2	ILLUMINA	38352_4	266040	588955	101	101	7949381353	3978540187	3970841166	17227491	8438199	8789292	79499616	39749808	39749808	79006378	39547635	39458743	39398304	2009690351	2076840903	3844.880	11209.139	822.000	30789433	39398304	0	0	0
A375_CONTROL_C2_N2	-	A375_CONTROL_C2_N2	ILLUMINA	38504_1	266040	591756	101	101	7561371594	3784896785	3776474809	17253345	8564176	8689169	75670912	37835456	37835456	75167275	37628860	37538415	37475253	1909971397	1972164904	3768.083	11088.377	798.000	27234812	37475253	0	0	0
A375_CONTROL_C2_N2	-	A375_CONTROL_C2_N2	ILLUMINA	38504_2	266040	591757	101	101	7530839205	3769822562	3761016643	17168013	8439335	8728678	75368018	37684009	37684009	74863690	37478051	37385639	37323031	1902328468	1964211881	3765.911	11038.947	798.000	27621731	37323031	0	0	0
A375_CONTROL_C2_N3	-	A375_CONTROL_C2_N3	ILLUMINA	38352_4	266041	588956	101	101	6347841214	3176270944	3171570270	13384509	6891442	6493067	63676296	31838148	31838148	63198947	31627830	31571117	31473244	1607588140	1652907734	3569.343	10803.949	709.000	22844404	31473244	0	0	0
A375_CONTROL_C2_N3	-	A375_CONTROL_C2_N3	ILLUMINA	38504_1	266041	591758	101	101	6018941807	3011984155	3006957652	13310457	7008356	6302101	60431184	30215592	30215592	59943908	29999992	29943916	29842249	1523578569	1565264700	3496.077	10681.341	687.000	19953761	29842249	0	0	0
A375_CONTROL_C2_N3	-	A375_CONTROL_C2_N3	ILLUMINA	38504_2	266041	591759	101	101	5988628439	2996877060	2991751379	13240935	6903759	6337176	60126218	30063109	30063109	59641617	29848985	29792632	29691612	1516005734	1557455882	3497.095	10688.235	687.000	20314457	29691612	0	0	0
A375_CONTROL_C2_N4	-	A375_CONTROL_C2_N4	ILLUMINA	38352_4	266042	588957	101	101	7867776770	3937411082	3930365688	17385061	8502453	8882608	78807524	39403762	39403762	78206551	39144051	39062500	39000867	1985899650	2047236388	3867.069	11629.779	781.000	32509546	39000867	0	0	0
A375_CONTROL_C2_N4	-	A375_CONTROL_C2_N4	ILLUMINA	38504_1	266042	591760	101	101	7469137846	3738651570	3730486276	17489447	8654706	8834741	74879946	37439973	37439973	74263315	37174416	37088899	37023005	1884064298	1940588496	3786.115	11461.003	759.000	28948458	37023005	0	0	0
A375_CONTROL_C2_N4	-	A375_CONTROL_C2_N4	ILLUMINA	38504_2	266042	591761	101	101	7442260202	3725313793	3716946409	17404850	8527192	8877658	74614296	37307148	37307148	73996236	37041536	36954700	36889039	1877581386	1933933841	3793.075	11511.898	759.000	29362205	36889039	0	0	0
A375_CONTROL_C2_N5	-	A375_CONTROL_C2_N5	ILLUMINA	38352_4	266043	588958	101	101	7841144271	3923617670	3917526601	17076642	8286445	8790197	78402896	39201448	39201448	77930978	39005398	38925580	38874457	1974854684	2040492694	3868.317	11032.941	868.000	32022196	38874457	0	0	0
A375_CONTROL_C2_N5	-	A375_CONTROL_C2_N5	ILLUMINA	38504_1	266043	591762	101	101	7437926581	3722497987	3715428594	17066766	8362816	8703950	74415942	37207971	37207971	73939783	37011563	36928220	36875627	1872264862	1932729923	3790.659	10872.804	846.000	28322044	36875627	0	0	0
A375_CONTROL_C2_N5	-	A375_CONTROL_C2_N5	ILLUMINA	38504_2	266043	591763	101	101	7391519085	3699420666	3692098419	16944343	8218201	8726142	73953928	36976964	36976964	73477919	36780940	36696979	36644204	1860861937	1920910669	3801.501	10916.761	848.000	28629054	36644204	0	0	0
A375_CONTROL_C3_N1	-	A375_CONTROL_C3_N1	ILLUMINA	38352_4	266044	588959	101	101	7313647956	3660717938	3652930018	16300099	7892884	8407215	73990792	36995396	36995396	72698939	36389234	36309705	36243158	1847235407	1899085200	3698.245	11605.548	610.000	28458328	36243158	0	0	0
A375_CONTROL_C3_N1	-	A375_CONTROL_C3_N1	ILLUMINA	38504_1	266044	591764	101	101	6953016798	3481005924	3472010874	16463429	8034562	8428867	70415016	35207508	35207508	69133918	34609361	34524557	34453438	1755821374	1803828372	3640.620	11500.405	594.000	25181460	34453438	0	0	0
A375_CONTROL_C3_N1	-	A375_CONTROL_C3_N1	ILLUMINA	38504_2	266044	591765	101	101	6914512705	3461898288	3452614417	16383017	7899779	8483238	70023580	35011790	35011790	68750639	34418755	34331884	34261943	1746276750	1793870377	3637.615	11495.467	593.000	25468946	34261943	0	0	0
A375_CONTROL_C3_N2	-	A375_CONTROL_C3_N2	ILLUMINA	38352_4	266045	588960	101	101	7558701696	3782153772	3776547924	16689549	8038516	8651033	75520400	37760200	37760200	75121486	37597153	37524333	37465978	1892308215	1956369260	3944.698	11135.915	906.000	29832553	37465978	0	0	0
A375_CONTROL_C3_N2	-	A375_CONTROL_C3_N2	ILLUMINA	38504_1	266045	591766	101	101	7070056031	3538329477	3531726554	16432371	8010536	8421835	70685094	35342547	35342547	70281185	35178526	35102659	35042542	1768549304	1826852310	3868.614	11012.963	882.000	26103897	35042542	0	0	0
A375_CONTROL_C3_N2	-	A375_CONTROL_C3_N2	ILLUMINA	38504_2	266045	591767	101	101	7030888011	3518839343	3512048668	16340855	7888930	8451925	70293546	35146773	35146773	69891387	34983930	34907457	34847976	1758991877	1817111751	3869.009	11013.817	881.000	26336002	34847976	0	0	0
A375_CONTROL_C3_N3	-	A375_CONTROL_C3_N3	ILLUMINA	38352_4	266046	588961	101	101	8094532089	4050495177	4044036912	17422221	8422338	8999883	80876392	40438196	40438196	80439535	40260421	40179114	40127753	2034676651	2106076158	3960.692	11153.304	911.000	33120902	40127753	0	0	0
A375_CONTROL_C3_N3	-	A375_CONTROL_C3_N3	ILLUMINA	38504_1	266046	591768	101	101	7750933202	3879404063	3871529139	17610174	8588334	9021840	77500052	38750026	38750026	77043106	38565433	38477673	38423540	1948288250	2014677925	3880.596	11032.283	887.000	29446585	38423540	0	0	0
A375_CONTROL_C3_N3	-	A375_CONTROL_C3_N3	ILLUMINA	38504_2	266046	591769	101	101	7700596567	3854308125	3846288442	17459987	8426859	9033128	76995172	38497586	38497586	76542375	38314944	38227431	38173445	1935853295	2001810997	3883.270	11049.675	887.000	29763855	38173445	0	0	0
A375_CONTROL_C3_N4	-	A375_CONTROL_C3_N4	ILLUMINA	38352_4	266047	588962	101	101	8039012538	4022695924	4016316614	17292320	8555656	8736664	80839482	40419741	40419741	79889407	39985492	39903915	39848114	2019986066	2090387386	4116.775	12266.597	926.000	32428021	39848114	0	0	0
A375_CONTROL_C3_N4	-	A375_CONTROL_C3_N4	ILLUMINA	38504_1	266047	591770	101	101	7615355329	3811333442	3804021887	17266682	8658083	8608599	76626104	38313052	38313052	75696469	37890367	37806102	37748672	1912784485	1977585382	4039.967	12125.536	904.000	28554068	37748672	0	0	0
A375_CONTROL_C3_N4	-	A375_CONTROL_C3_N4	ILLUMINA	38504_2	266047	591771	101	101	7566402970	3786974561	3779428409	17135162	8497703	8637459	76133938	38066969	38066969	75209811	37647620	37562191	37505351	1900592827	1965035096	4041.576	12134.929	903.000	28886068	37505351	0	0	0
A375_CONTROL_C3_N5	-	A375_CONTROL_C3_N5	ILLUMINA	38352_4	266048	588963	101	101	7991172055	3998539966	3992632089	17041792	8381267	8660525	79910306	39955153	39955153	79435098	39758716	39676382	39619885	2013401376	2076780947	3793.739	10710.781	876.000	31447059	39619885	0	0	0
A375_CONTROL_C3_N5	-	A375_CONTROL_C3_N5	ILLUMINA	38504_1	266048	591772	101	101	7506413659	3756696391	3749717268	16837563	8368714	8468849	75107010	37553505	37553505	74632869	37359354	37273515	37216224	1889972431	1947451128	3722.652	10617.276	854.000	27513392	37216224	0	0	0
A375_CONTROL_C3_N5	-	A375_CONTROL_C3_N5	ILLUMINA	38504_2	266048	591773	101	101	7481396558	3744274792	3737121766	16732775	8230494	8502281	74854290	37427145	37427145	74382552	37234272	37148280	37091137	1883438468	1940870258	3722.144	10617.024	853.000	27935380	37091137	0	0	0
A375_SIN3B_KO_C11_N1	-	A375_SIN3B_KO_C11_N1	ILLUMINA	38352_4	266049	588964	101	101	8186905566	4097005825	4089899741	17960929	9015462	8945467	82502614	41251307	41251307	81507578	40792234	40715344	40588969	2099223944	2145591591	3214.315	10097.436	543.000	27126321	40588969	0	0	0
A375_SIN3B_KO_C11_N1	-	A375_SIN3B_KO_C11_N1	ILLUMINA	38504_1	266049	591774	101	101	8052762036	4030277161	4022484875	18563572	9495008	9068564	81230544	40615272	40615272	80200139	40139676	40060463	39924018	2063705801	2107624822	3149.574	9971.970	524.000	24241361	39924018	0	0	0
A375_SIN3B_KO_C11_N1	-	A375_SIN3B_KO_C11_N1	ILLUMINA	38504_2	266049	591775	101	101	8011816691	4009952549	4001864142	18470547	9346437	9124110	80818802	40409401	40409401	79792837	39936583	39856254	39720745	2053271339	2096909520	3149.229	9986.780	524.000	24597191	39720745	0	0	0
A375_SIN3B_KO_C11_N2	-	A375_SIN3B_KO_C11_N2	ILLUMINA	38352_4	266050	588965	101	101	6891698588	3448332737	3443365851	14550861	7271569	7279292	68777622	34388811	34388811	68486824	34277007	34209817	34163135	1732206138	1792655974	3949.376	11155.596	885.000	25032624	34163135	0	0	0
A375_SIN3B_KO_C11_N2	-	A375_SIN3B_KO_C11_N2	ILLUMINA	38504_1	266050	591776	101	101	6353874613	3179594304	3174280309	14133366	7176042	6957324	63455262	31727631	31727631	63156049	31610767	31545282	31496416	1595885103	1650276686	3878.325	11071.360	862.000	21177371	31496416	0	0	0
A375_SIN3B_KO_C11_N2	-	A375_SIN3B_KO_C11_N2	ILLUMINA	38504_2	266050	591777	101	101	6312057544	3158792622	3153264922	14018333	7052092	6966241	63039520	31519760	31519760	62740307	31403380	31336927	31288396	1585594814	1639636500	3880.028	11059.435	863.000	21434402	31288396	0	0	0
A375_SIN3B_KO_C11_N3	-	A375_SIN3B_KO_C11_N3	ILLUMINA	38352_4	266051	588966	101	101	7510165045	3758729507	3751435538	18357400	8905134	9452266	75047244	37523622	37523622	74725636	37409113	37316523	37270220	1943907399	2001021531	3642.118	10766.194	653.000	31448981	37270220	0	0	0
A375_SIN3B_KO_C11_N3	-	A375_SIN3B_KO_C11_N3	ILLUMINA	38504_1	266051	591778	101	101	7058805586	3533501869	3525303717	17883951	8796874	9087077	70578112	35289056	35289056	70247342	35169768	35077574	35029242	1823995667	1876211186	3578.003	10629.318	638.000	27486447	35029242	0	0	0
A375_SIN3B_KO_C11_N3	-	A375_SIN3B_KO_C11_N3	ILLUMINA	38504_2	266051	591779	101	101	7015822252	3512100780	3503721472	17675388	8615496	9059892	70148070	35074035	35074035	69817496	34955401	34862095	34814431	1813556212	1865301077	3580.216	10637.813	638.000	27781255	34814431	0	0	0
A375_SIN3B_KO_C11_N4	-	A375_SIN3B_KO_C11_N4	ILLUMINA	38352_4	266052	588967	101	101	6010159903	3007682956	3002476947	13409861	6414693	6995168	60066162	30033081	30033081	59731772	29896493	29835279	29790673	1504725530	1556892168	4061.221	11866.278	857.000	19965128	29790673	0	0	0
A375_SIN3B_KO_C11_N4	-	A375_SIN3B_KO_C11_N4	ILLUMINA	38504_1	266052	591780	101	101	5589711065	2797965481	2791745584	13241709	6376651	6865058	55913014	27956507	27956507	55568466	27816738	27751728	27705761	1399423297	1446620923	3988.506	11753.694	836.000	17093036	27705761	0	0	0
A375_SIN3B_KO_C11_N4	-	A375_SIN3B_KO_C11_N4	ILLUMINA	38504_2	266052	591781	101	101	5548496413	2777401892	2771094521	13124772	6263983	6860789	55501566	27750783	27750783	55158554	27612145	27546409	27501309	1389364085	1436184715	3990.293	11769.261	835.000	17189138	27501309	0	0	0
A375_SIN3B_KO_C11_N5	-	A375_SIN3B_KO_C11_N5	ILLUMINA	38352_4	266053	588968	101	101	7037075719	3521658157	3515417562	15165479	7487586	7677893	70254158	35127079	35127079	69938388	35008552	34929836	34883573	1765154912	1825223916	3942.391	11200.973	885.000	27156080	34883573	0	0	0
A375_SIN3B_KO_C11_N5	-	A375_SIN3B_KO_C11_N5	ILLUMINA	38504_1	266053	591782	101	101	6623016316	3315216563	3307799753	15113148	7554113	7559035	66167878	33083939	33083939	65839769	32961559	32878210	32830258	1660422910	1715336274	3871.029	11081.141	863.000	23647934	32830258	0	0	0
A375_SIN3B_KO_C11_N5	-	A375_SIN3B_KO_C11_N5	ILLUMINA	38504_2	266053	591783	101	101	6574148153	3290839691	3283308462	14951315	7400749	7550566	65682424	32841212	32841212	65353289	32718719	32634570	32586666	1648497647	1702918659	3869.837	11051.240	863.000	23876428	32586666	0	0	0
A375_SIN3B_KO_C25_N1	-	A375_SIN3B_KO_C25_N1	ILLUMINA	38352_4	266054	588969	101	101	6922078977	3463685262	3458393715	15547443	7656502	7890941	69521028	34760514	34760514	68809367	34437690	34371677	34314669	1766358937	1816513344	3630.699	10769.618	697.000	22520994	34314669	0	0	0
A375_SIN3B_KO_C25_N1	-	A375_SIN3B_KO_C25_N1	ILLUMINA	38504_1	266054	591784	101	101	6525481983	3265832344	3259649639	15457598	7698080	7759518	65594186	32797093	32797093	64883253	32476001	32407252	32347538	1663863661	1709943513	3564.655	10652.508	677.000	19366470	32347538	0	0	0
A375_SIN3B_KO_C25_N1	-	A375_SIN3B_KO_C25_N1	ILLUMINA	38504_2	266054	591785	101	101	6493760995	3250037712	3243723283	15340213	7572422	7767791	65274684	32637342	32637342	64568436	32318844	32249592	32190314	1655607742	1701501039	3570.490	10676.711	679.000	19579410	32190314	0	0	0
A375_SIN3B_KO_C25_N2	-	A375_SIN3B_KO_C25_N2	ILLUMINA	38352_4	266055	588970	101	101	7298503663	3652602383	3645901280	16121508	7708670	8412838	72861036	36430518	36430518	72539580	36310146	36229434	36180162	1833193562	1897079874	3905.323	11046.848	898.000	29175135	36180162	0	0	0
A375_SIN3B_KO_C25_N2	-	A375_SIN3B_KO_C25_N2	ILLUMINA	38504_1	266055	591786	101	101	6820784240	3414377525	3406406715	15966299	7670268	8296031	68148578	34074289	34074289	67808689	33947113	33861576	33809623	1712839177	1770862403	3835.468	10950.239	876.000	25374842	33809623	0	0	0
A375_SIN3B_KO_C25_N2	-	A375_SIN3B_KO_C25_N2	ILLUMINA	38504_2	266055	591787	101	101	6780246233	3394203766	3386042467	15854524	7551204	8303320	67743774	33871887	33871887	67405007	33745695	33659312	33607958	1702570396	1760397748	3829.649	10908.764	875.000	25625600	33607958	0	0	0
A375_SIN3B_KO_C25_N3	-	A375_SIN3B_KO_C25_N3	ILLUMINA	38352_4	266056	588971	101	101	9801797614	4903906025	4897891589	19723445	10076155	9647290	97883820	48941910	48941910	97416157	48752358	48663799	48592427	2443402892	2519290800	3762.376	10918.502	805.000	47972407	48592427	0	0	0
A375_SIN3B_KO_C25_N3	-	A375_SIN3B_KO_C25_N3	ILLUMINA	38504_1	266056	591788	101	101	9585429622	4796309769	4789119853	20363416	10506100	9857316	95781680	47890840	47890840	95287075	47689539	47597536	47520939	2389694252	2462003546	3700.687	10824.984	786.000	44104883	47520939	0	0	0
A375_SIN3B_KO_C25_N3	-	A375_SIN3B_KO_C25_N3	ILLUMINA	38504_2	266056	591789	101	101	9550877067	4779151873	4771725194	20275829	10354706	9921123	95439564	47719782	47719782	94943107	47518326	47424781	47348507	2381480545	2453542606	3701.066	10826.642	786.000	44939980	47348507	0	0	0
A375_SIN3B_KO_C25_N4	-	A375_SIN3B_KO_C25_N4	ILLUMINA	38352_4	266057	588972	101	101	6878268409	3441727328	3436541081	15014659	7373988	7640671	68818008	34409004	34409004	68382381	34224693	34157688	34095364	1718226174	1774483182	3908.354	11580.711	853.000	24687071	34095364	0	0	0
A375_SIN3B_KO_C25_N4	-	A375_SIN3B_KO_C25_N4	ILLUMINA	38504_1	266057	591790	101	101	6530078799	3267926491	3262152308	15024560	7477039	7547521	65387244	32693622	32693622	64937253	32502478	32434775	32368496	1631093520	1683080907	3835.335	11489.441	829.000	21704246	32368496	0	0	0
A375_SIN3B_KO_C25_N4	-	A375_SIN3B_KO_C25_N4	ILLUMINA	38504_2	266057	591791	101	101	6496591633	3251321276	3245270357	14933244	7366909	7566335	65055092	32527546	32527546	64604550	32336776	32267774	32201749	1622904185	1674719236	3833.189	11467.593	830.000	21969672	32201749	0	0	0
A375_SIN3B_KO_C25_N5	-	A375_SIN3B_KO_C25_N5	ILLUMINA	38352_4	266058	588973	101	101	6974725789	3489906003	3484819786	14931412	7355777	7575635	69631462	34815731	34815731	69317966	34694499	34623467	34576626	1750042736	1810883299	3924.561	11010.327	893.000	26324046	34576626	0	0	0
A375_SIN3B_KO_C25_N5	-	A375_SIN3B_KO_C25_N5	ILLUMINA	38504_1	266058	591792	101	101	6508839175	3257397617	3251441558	14765457	7328925	7436532	65031296	32515648	32515648	64703962	32388538	32315424	32266933	1632684671	1688163628	3849.774	10870.552	871.000	22791259	32266933	0	0	0
A375_SIN3B_KO_C25_N5	-	A375_SIN3B_KO_C25_N5	ILLUMINA	38504_2	266058	591793	101	101	6460992713	3233542565	3227450148	14621597	7194339	7427258	64556132	32278066	32278066	64227604	32150488	32077116	32028464	1621144837	1676231928	3853.400	10884.536	872.000	22999913	32028464	0	0	0
A375_SIN3B_KO_C26_N1	-	A375_SIN3B_KO_C26_N1	ILLUMINA	38352_4	266059	588974	101	101	7032894345	3521034064	3511860281	16881069	7678458	9202611	70655296	35327648	35327648	69917866	35006301	34911565	34860494	1796373340	1849359258	3698.908	10790.268	713.000	21590716	34860494	0	0	0
A375_SIN3B_KO_C26_N1	-	A375_SIN3B_KO_C26_N1	ILLUMINA	38504_1	266059	591794	101	101	6639016453	3324957260	3314059193	16899807	7710502	9189305	66766548	33383274	33383274	66021530	33062517	32959013	32905002	1695275177	1743705606	3626.162	10663.072	692.000	19584907	32905002	0	0	0
A375_SIN3B_KO_C26_N1	-	A375_SIN3B_KO_C26_N1	ILLUMINA	38504_2	266059	591795	101	101	6605678818	3308401872	3297276946	16794568	7588355	9206213	66430096	33215048	33215048	65689760	32897335	32792425	32739450	1686948767	1735118419	3627.398	10661.936	693.000	19642982	32739450	0	0	0
A375_SIN3B_KO_C26_N2	-	A375_SIN3B_KO_C26_N2	ILLUMINA	38352_4	266060	588975	101	101	7076178995	3540415105	3535763890	15065117	7339893	7725224	70610654	35305327	35305327	70323272	35195229	35128043	35079571	1772706423	1836082647	3919.858	11008.791	889.000	28417698	35079571	0	0	0
A375_SIN3B_KO_C26_N2	-	A375_SIN3B_KO_C26_N2	ILLUMINA	38504_1	266060	591796	101	101	6750825866	3378225622	3372600244	15124274	7457134	7667140	67406350	33703175	33703175	67104490	33587541	33516949	33466636	1690014568	1748860121	3844.220	10862.660	867.000	25144448	33466636	0	0	0
A375_SIN3B_KO_C26_N2	-	A375_SIN3B_KO_C26_N2	ILLUMINA	38504_2	266060	591797	101	101	6710672339	3358187209	3352485130	15002402	7319434	7682968	67005658	33502829	33502829	66704113	33387331	33316782	33266931	1679798505	1738398861	3846.108	10880.027	865.000	25424960	33266931	0	0	0
A375_SIN3B_KO_C26_N3	-	A375_SIN3B_KO_C26_N3	ILLUMINA	38352_4	266061	588976	101	101	7143264899	3574698156	3568566743	15478010	7569386	7908624	71289538	35644769	35644769	70993985	35537231	35456754	35412093	1788149701	1853244205	3933.789	11003.605	899.000	28752182	35412093	0	0	0
A375_SIN3B_KO_C26_N3	-	A375_SIN3B_KO_C26_N3	ILLUMINA	38504_1	266061	591798	101	101	6734494604	3371026064	3363468540	15469087	7613356	7855731	67258852	33629426	33629426	66947346	33517264	33430082	33383919	1685592162	1745176498	3864.818	10885.448	877.000	25278856	33383919	0	0	0
A375_SIN3B_KO_C26_N3	-	A375_SIN3B_KO_C26_N3	ILLUMINA	38504_2	266061	591799	101	101	6695496565	3351589654	3343906911	15346697	7487193	7859504	66870118	33435059	33435059	66558670	33323040	33235630	33189907	1675870968	1735206202	3864.010	10879.502	877.000	25593238	33189907	0	0	0
A375_SIN3B_KO_C26_N4	-	A375_SIN3B_KO_C26_N4	ILLUMINA	38352_4	266062	588977	101	101	6947681050	3476403929	3471277121	15151561	7442477	7709084	69367556	34683778	34683778	69042966	34555903	34487063	34442871	1746484169	1805042354	3983.537	11331.563	892.000	24876687	34442871	0	0	0
A375_SIN3B_KO_C26_N4	-	A375_SIN3B_KO_C26_N4	ILLUMINA	38504_1	266062	591800	101	101	6290334838	3148051570	3142283268	14412980	7179662	7233318	62841666	31420833	31420833	62523018	31295919	31227099	31183446	1579946274	1631618842	3919.852	11233.691	874.000	22453358	31183446	0	0	0
A375_SIN3B_KO_C26_N4	-	A375_SIN3B_KO_C26_N4	ILLUMINA	38504_2	266062	591801	101	101	6247693541	3126819530	3120874011	14280014	7038418	7241596	62417432	31208716	31208716	62098407	31083815	31014592	30971629	1569328524	1620725627	3919.157	11234.544	873.000	22563193	30971629	0	0	0
A375_SIN3B_KO_C26_N5	-	A375_SIN3B_KO_C26_N5	ILLUMINA	38352_4	266063	588978	101	101	8627786307	4315539223	4312247084	18410012	9212930	9197082	86174954	43087477	43087477	85756006	42911465	42844541	42770386	2161838646	2234179936	3789.897	10716.070	855.000	34317804	42770386	0	0	0
A375_SIN3B_KO_C26_N5	-	A375_SIN3B_KO_C26_N5	ILLUMINA	38504_1	266063	591802	101	101	8351006855	4177626320	4173380535	18795318	9543248	9252070	83469862	41734931	41734931	83024292	41547223	41477069	41398933	2089953662	2158025141	3720.259	10597.652	831.000	33124380	41398933	0	0	0
A375_SIN3B_KO_C26_N5	-	A375_SIN3B_KO_C26_N5	ILLUMINA	38504_2	266063	591803	101	101	8324007437	4164295754	4159711683	18697915	9403955	9293960	83203336	41601668	41601668	82755045	41413518	41341527	41263677	2083615240	2151271259	3719.040	10606.605	831.000	33425182	41263677	0	0	0
SKMEL28_CONTROL_C4_N1	-	SKMEL28_CONTROL_C4_N1	ILLUMINA	38352_4	266064	588979	101	101	7570267860	3788787584	3781480276	17166369	8378287	8788082	75729864	37864932	37864932	75265980	37674093	37591887	37522758	1910117577	1956919678	3934.834	11832.432	652.000	26106317	37522758	0	0	0
SKMEL28_CONTROL_C4_N1	-	SKMEL28_CONTROL_C4_N1	ILLUMINA	38504_1	266064	591804	101	101	7106557375	3557426527	3549130848	17001272	8391906	8609366	71144916	35572458	35572458	70674669	35380139	35294530	35224301	1791646146	1834230325	3863.827	11714.075	630.000	22597302	35224301	0	0	0
SKMEL28_CONTROL_C4_N1	-	SKMEL28_CONTROL_C4_N1	ILLUMINA	38504_2	266064	591805	101	101	7054279512	3531506113	3522773399	16885582	8248290	8637292	70623944	35311972	35311972	70154990	35121423	35033567	34963893	1778602069	1820789504	3858.057	11701.398	629.000	22807223	34963893	0	0	0
SKMEL28_CONTROL_C4_N2	-	SKMEL28_CONTROL_C4_N2	ILLUMINA	38352_4	266065	588980	101	101	6530487228	3267384576	3263102652	14525613	7022537	7503076	65162900	32581450	32581450	64906142	32482407	32423735	32369946	1634792932	1692202788	4297.842	12181.729	917.000	27074434	32369946	0	0	0
SKMEL28_CONTROL_C4_N2	-	SKMEL28_CONTROL_C4_N2	ILLUMINA	38504_1	266065	591806	101	101	6061872347	3033410473	3028461874	14202024	6959990	7242034	60533452	30266726	30266726	60262930	30161067	30101863	30045760	1517591077	1569578381	4215.646	12050.573	892.000	23606883	30045760	0	0	0
SKMEL28_CONTROL_C4_N2	-	SKMEL28_CONTROL_C4_N2	ILLUMINA	38504_2	266065	591807	101	101	6020210025	3012682322	3007527703	14106201	6845020	7261181	60121064	30060532	30060532	59849775	29954942	29894833	29839349	1507255166	1558963814	4218.684	12056.070	893.000	23832577	29839349	0	0	0
SKMEL28_CONTROL_C4_N3	-	SKMEL28_CONTROL_C4_N3	ILLUMINA	38352_4	266066	588981	101	101	7814932590	3910389557	3904543033	16801721	8323532	8478189	77956662	38978331	38978331	77662631	38872997	38789634	38733834	1935264209	1997551971	4247.810	11998.365	872.000	33147302	38733834	0	0	0
SKMEL28_CONTROL_C4_N3	-	SKMEL28_CONTROL_C4_N3	ILLUMINA	38504_1	266066	591808	101	101	7442356119	3724543985	3717812134	16879614	8490102	8389512	74293944	37146972	37146972	73977407	37031518	36945889	36886486	1842085586	1899783785	4164.873	11844.837	846.000	29467339	36886486	0	0	0
SKMEL28_CONTROL_C4_N3	-	SKMEL28_CONTROL_C4_N3	ILLUMINA	38504_2	266066	591809	101	101	7411905842	3709405834	3702500008	16800813	8358380	8442433	73991768	36995884	36995884	73675184	36880579	36794605	36735606	1834588165	1891959253	4168.403	11886.888	846.000	29865867	36735606	0	0	0
SKMEL28_CONTROL_C4_N4	-	SKMEL28_CONTROL_C4_N4	ILLUMINA	38352_4	266067	588982	101	101	8090084716	4048364314	4041720402	16937779	8479958	8457821	80696492	40348246	40348246	80399281	40245794	40153487	40100704	2012325117	2084619932	4327.583	12134.342	924.000	35069484	40100704	0	0	0
SKMEL28_CONTROL_C4_N4	-	SKMEL28_CONTROL_C4_N4	ILLUMINA	38504_1	266067	591810	101	101	7766753705	3887273061	3879480644	17164089	8720593	8443496	77522704	38761352	38761352	77204145	38650664	38553481	38498382	1930972813	1998367442	4243.895	11982.119	899.000	31313853	38498382	0	0	0
SKMEL28_CONTROL_C4_N4	-	SKMEL28_CONTROL_C4_N4	ILLUMINA	38504_2	266067	591811	101	101	7724629730	3866284991	3858344739	17031395	8570104	8461291	77104700	38552350	38552350	76785422	38441501	38343921	38288575	1920646467	1987837509	4247.793	11993.469	899.000	31775995	38288575	0	0	0
SKMEL28_CONTROL_C4_N5	-	SKMEL28_CONTROL_C4_N5	ILLUMINA	38352_4	266068	588983	101	101	6000241680	3002565585	2997676095	13096183	6470440	6625743	59874836	29937418	29937418	59639352	29852529	29786823	29742786	1493110278	1545469100	4232.494	11988.435	882.000	24429048	29742786	0	0	0
SKMEL28_CONTROL_C4_N5	-	SKMEL28_CONTROL_C4_N5	ILLUMINA	38504_1	266068	591812	101	101	5581368870	2793516076	2787852794	12913106	6450014	6463092	55736040	27868020	27868020	55489804	27779109	27710695	27665846	1388251678	1435636854	4160.523	11905.401	858.000	21298952	27665846	0	0	0
SKMEL28_CONTROL_C4_N5	-	SKMEL28_CONTROL_C4_N5	ILLUMINA	38504_2	266068	591813	101	101	5537326292	2771518347	2765807945	12778810	6322505	6456305	55297570	27648785	27648785	55051604	27559559	27492045	27447246	1377395776	1424291541	4164.763	11914.536	858.000	21507562	27447246	0	0	0
SKMEL28_CONTROL_C6_N1	-	SKMEL28_CONTROL_C6_N1	ILLUMINA	38352_4	266069	588984	101	101	7212332739	3609143900	3603188839	16111061	7859336	8251725	71980450	35990225	35990225	71679291	35877258	35802033	35751923	1815648437	1872516663	4307.967	12360.634	826.000	25319263	35751923	0	0	0
SKMEL28_CONTROL_C6_N1	-	SKMEL28_CONTROL_C6_N1	ILLUMINA	38504_1	266069	591814	101	101	6774836554	3390820379	3384016175	15888286	7841815	8046471	67658920	33829460	33829460	67346252	33711800	33634452	33582854	1705028600	1756934246	4223.114	12225.205	802.000	23610821	33582854	0	0	0
SKMEL28_CONTROL_C6_N1	-	SKMEL28_CONTROL_C6_N1	ILLUMINA	38504_2	266069	591815	101	101	6724932263	3365985277	3358946986	15758298	7704942	8053356	67161110	33580555	33580555	66849660	33464062	33385598	33334673	1692744914	1744374811	4227.047	12229.161	802.000	23713456	33334673	0	0	0
SKMEL28_CONTROL_C6_N2	-	SKMEL28_CONTROL_C6_N2	ILLUMINA	38352_4	266070	588985	101	101	6172227397	3088724887	3083502510	13868348	6801806	7066542	61610552	30805276	30805276	61347749	30706259	30641490	30590109	1555730345	1607669278	4318.954	12378.263	828.000	20179098	30590109	0	0	0
SKMEL28_CONTROL_C6_N2	-	SKMEL28_CONTROL_C6_N2	ILLUMINA	38504_1	266070	591816	101	101	5655919089	2830888260	2825030829	13467698	6695090	6772608	56500032	28250016	28250016	56230203	28147758	28082445	28030474	1424688047	1471116437	4249.708	12309.683	806.000	17027335	28030474	0	0	0
SKMEL28_CONTROL_C6_N2	-	SKMEL28_CONTROL_C6_N2	ILLUMINA	38504_2	266070	591817	101	101	5607666473	2806845393	2800821080	13339818	6570000	6769818	56019256	28009628	28009628	55750865	27908375	27842490	27791328	1412654703	1458793368	4251.856	12330.969	805.000	17113900	27791328	0	0	0
SKMEL28_CONTROL_C6_N3	-	SKMEL28_CONTROL_C6_N3	ILLUMINA	38352_4	266071	588986	101	101	8675790342	4341911661	4333878681	18950862	9319270	9631592	86608982	43304491	43304491	86229327	43163711	43065616	42998624	2168372345	2234512920	4261.324	12301.773	807.000	35201993	42998624	0	0	0
SKMEL28_CONTROL_C6_N3	-	SKMEL28_CONTROL_C6_N3	ILLUMINA	38504_1	266071	591818	101	101	8318549677	4163823501	4154726176	19170362	9534149	9636213	83098426	41549213	41549213	82698935	41400411	41298524	41228642	2076928696	2138366022	4183.391	12183.204	782.000	31220585	41228642	0	0	0
SKMEL28_CONTROL_C6_N3	-	SKMEL28_CONTROL_C6_N3	ILLUMINA	38504_2	266071	591819	101	101	8272057797	4140702952	4131354845	19026942	9374592	9652350	82635400	41317700	41317700	82236226	41169578	41066648	40997578	2065438757	2126541030	4184.125	12190.281	782.000	31591443	40997578	0	0	0
SKMEL28_CONTROL_C6_N4	-	SKMEL28_CONTROL_C6_N4	ILLUMINA	38352_4	266072	588987	101	101	8468946986	4239056364	4229890622	19279412	9242079	10037333	84521524	42260762	42260762	84162666	42134078	42028588	41970743	2119549361	2192639063	4490.472	12668.747	896.000	34504001	41970743	0	0	0
SKMEL28_CONTROL_C6_N4	-	SKMEL28_CONTROL_C6_N4	ILLUMINA	38504_1	266072	591820	101	101	7996016972	4003146834	3992870138	19260503	9357300	9903203	79855804	39927902	39927902	79482051	39795419	39686632	39626688	1998715658	2065754643	4402.030	12518.318	868.000	30394805	39626688	0	0	0
SKMEL28_CONTROL_C6_N4	-	SKMEL28_CONTROL_C6_N4	ILLUMINA	38504_2	266072	591821	101	101	7954403230	3982505655	3971897575	19139507	9201222	9938285	79442358	39721179	39721179	79068047	39589210	39478837	39419598	1988412277	2055032401	4405.196	12526.494	868.000	30677047	39419598	0	0	0
SKMEL28_CONTROL_C6_N5	-	SKMEL28_CONTROL_C6_N5	ILLUMINA	38352_4	266073	588988	101	101	6719097954	3362942479	3356155475	14947280	7353832	7593448	67076850	33538425	33538425	66785465	33433250	33352215	33302729	1684935389	1737580868	4265.930	12297.270	816.000	25290412	33302729	0	0	0
SKMEL28_CONTROL_C6_N5	-	SKMEL28_CONTROL_C6_N5	ILLUMINA	38504_1	266073	591822	101	101	6328731860	3168252324	3160479536	14857346	7411960	7445386	63226012	31613006	31613006	62921167	31502976	31418191	31366977	1585383879	1633504445	4186.498	12180.620	791.000	22012451	31366977	0	0	0
SKMEL28_CONTROL_C6_N5	-	SKMEL28_CONTROL_C6_N5	ILLUMINA	38504_2	266073	591823	101	101	6282238511	3145092309	3137146202	14756043	7292789	7463254	62764496	31382248	31382248	62459312	31272430	31186882	31135948	1573808160	1621533124	4187.085	12174.248	790.000	22224391	31135948	0	0	0
SKMEL28_CONTROL_C7_N1	-	SKMEL28_CONTROL_C7_N1	ILLUMINA	38352_4	266074	588989	101	101	7911138170	3959722135	3951416035	18343335	8600063	9743272	79711358	39855679	39855679	78629989	39360595	39269394	39210841	2002412516	2053828873	3965.085	11743.231	656.000	28020669	39210841	0	0	0
SKMEL28_CONTROL_C7_N1	-	SKMEL28_CONTROL_C7_N1	ILLUMINA	38504_1	266074	591824	101	101	7723213437	3866693167	3856520270	18932798	8917540	10015258	77882972	38941486	38941486	76782262	38441711	38340551	38277723	1952727262	2001208514	3892.645	11659.895	634.000	25087341	38277723	0	0	0
SKMEL28_CONTROL_C7_N1	-	SKMEL28_CONTROL_C7_N1	ILLUMINA	38504_2	266074	591825	101	101	7690678508	3850491690	3840186818	18828601	8798699	10029902	77556936	38778468	38778468	76458758	38280371	38178387	38116148	1944518312	1992753849	3895.534	11659.129	633.000	25323113	38116148	0	0	0
SKMEL28_CONTROL_C7_N2	-	SKMEL28_CONTROL_C7_N2	ILLUMINA	38352_4	266075	588990	101	101	7634718150	3821894918	3812823232	17751245	8111316	9639929	76434490	38217245	38217245	75879000	37989385	37889615	37843281	1916105995	1978227372	4239.378	12001.202	881.000	32404701	37843281	0	0	0
SKMEL28_CONTROL_C7_N2	-	SKMEL28_CONTROL_C7_N2	ILLUMINA	38504_1	266075	591826	101	101	7329250578	3670248317	3659002261	18078609	8300742	9777867	73446532	36723266	36723266	72863450	36487787	36375663	36326346	1839173713	1897281731	4158.795	11871.378	856.000	29174914	36326346	0	0	0
SKMEL28_CONTROL_C7_N2	-	SKMEL28_CONTROL_C7_N2	ILLUMINA	38504_2	266075	591827	101	101	7281547082	3646471002	3635076080	17933114	8145627	9787487	72971134	36485567	36485567	72388690	36250412	36138278	36089015	1827438839	1885049298	4161.490	11891.247	856.000	29413519	36089015	0	0	0
SKMEL28_CONTROL_C7_N3	-	SKMEL28_CONTROL_C7_N3	ILLUMINA	38352_4	266076	588991	101	101	6289828795	3147499600	3142329195	13128930	6612352	6516578	62772128	31386064	31386064	62506049	31288697	31217352	31176005	1558879235	1612116795	4238.955	11956.909	893.000	24477945	31176005	0	0	0
SKMEL28_CONTROL_C7_N3	-	SKMEL28_CONTROL_C7_N3	ILLUMINA	38504_1	266076	591828	101	101	5882785613	2944180136	2938605477	12906304	6610990	6295314	58744832	29372416	29372416	58472806	29271643	29201163	29158457	1457274019	1505753452	4162.473	11850.504	869.000	21155163	29158457	0	0	0
SKMEL28_CONTROL_C7_N3	-	SKMEL28_CONTROL_C7_N3	ILLUMINA	38504_2	266076	591829	101	101	5843896214	2924818860	2919077354	12812984	6484012	6328972	58359220	29179610	29179610	58086497	29078804	29007693	28965340	1447724789	1495865905	4159.116	11805.036	869.000	21487963	28965340	0	0	0
SKMEL28_CONTROL_C7_N4	-	SKMEL28_CONTROL_C7_N4	ILLUMINA	38352_4	266077	588992	101	101	8178057163	4091762573	4086294590	17406585	8697077	8709508	81700442	40850221	40850221	81273510	40677484	40596026	40540030	2034054464	2105723219	4252.461	11981.140	912.000	36346758	40540030	0	0	0
SKMEL28_CONTROL_C7_N4	-	SKMEL28_CONTROL_C7_N4	ILLUMINA	38504_1	266077	591830	101	101	7890683841	3948717570	3941966271	17749277	8962275	8787002	78897478	39448739	39448739	78436140	39261555	39174585	39114265	1961588104	2029096502	4175.182	11851.058	888.000	32836843	39114265	0	0	0
SKMEL28_CONTROL_C7_N4	-	SKMEL28_CONTROL_C7_N4	ILLUMINA	38504_2	266077	591831	101	101	7857107073	3931990552	3925116521	17633988	8816052	8817936	78564344	39282172	39282172	78102241	39094730	39007511	38946789	1953489184	2020706661	4172.784	11837.311	888.000	33397296	38946789	0	0	0
SKMEL28_CONTROL_C7_N5	-	SKMEL28_CONTROL_C7_N5	ILLUMINA	38352_4	266078	588993	101	101	8081877363	4044722297	4037155066	18118052	8583098	9534954	80803698	40401849	40401849	80322830	40207361	40115469	40062170	2019894616	2084689329	4198.748	11935.486	880.000	33532396	40062170	0	0	0
SKMEL28_CONTROL_C7_N5	-	SKMEL28_CONTROL_C7_N5	ILLUMINA	38504_1	266078	591832	101	101	7713894197	3861790922	3852103275	18396780	8738361	9658419	77197094	38598547	38598547	76687411	38395393	38292018	38235080	1927635339	1987708124	4124.663	11822.858	857.000	30040605	38235080	0	0	0
SKMEL28_CONTROL_C7_N5	-	SKMEL28_CONTROL_C7_N5	ILLUMINA	38504_2	266078	591833	101	101	7679561938	3844620345	3834941593	18294914	8618032	9676882	76855146	38427573	38427573	76345515	38224146	38121369	38064295	1919318136	1979062415	4127.334	11826.981	856.000	30376166	38064295	0	0	0
SKMEL28_SIN3B_KO_C11_N1	-	SKMEL28_SIN3B_KO_C11_N1	ILLUMINA	38352_4	266079	588994	101	101	6122297725	3063841473	3058456252	14242260	6845977	7396283	61292724	30646362	30646362	60850691	30456996	30393695	30349737	1553082902	1599427216	3897.055	11434.794	661.000	20086016	30349737	0	0	0
SKMEL28_SIN3B_KO_C11_N1	-	SKMEL28_SIN3B_KO_C11_N1	ILLUMINA	38504_1	266079	591834	101	101	5785536425	2895919977	2889616448	14152529	6864066	7288463	57963934	28981967	28981967	57517284	28792116	28725168	28679708	1466331393	1508995916	3826.841	11304.897	640.000	17281352	28679708	0	0	0
SKMEL28_SIN3B_KO_C11_N1	-	SKMEL28_SIN3B_KO_C11_N1	ILLUMINA	38504_2	266079	591835	101	101	5752601461	2879513359	2873088102	14048599	6751342	7297257	57632664	28816332	28816332	57189555	28628503	28561052	28516077	1458026430	1500259411	3826.424	11291.393	640.000	17426503	28516077	0	0	0
SKMEL28_SIN3B_KO_C11_N2	-	SKMEL28_SIN3B_KO_C11_N2	ILLUMINA	38352_4	266080	588995	101	101	7387894693	3696691748	3691202945	16288617	7982292	8306325	73717096	36858548	36858548	73417921	36747314	36670607	36620918	1838106047	1907543184	4532.121	12355.355	1014.000	32974778	36620918	0	0	0
SKMEL28_SIN3B_KO_C11_N2	-	SKMEL28_SIN3B_KO_C11_N2	ILLUMINA	38504_1	266080	591836	101	101	6830859414	3418610877	3412248537	15845661	7850530	7995131	68208336	34104168	34104168	67897611	33987886	33909725	33859153	1697744324	1760260693	4447.608	12202.385	988.000	28544027	33859153	0	0	0
SKMEL28_SIN3B_KO_C11_N2	-	SKMEL28_SIN3B_KO_C11_N2	ILLUMINA	38504_2	266080	591837	101	101	6782871494	3394719613	3388151881	15727981	7710914	8017067	67731222	33865611	33865611	67419682	33749402	33670280	33619910	1685983573	1748187284	4449.630	12198.633	987.000	28798717	33619910	0	0	0
SKMEL28_SIN3B_KO_C11_N3	-	SKMEL28_SIN3B_KO_C11_N3	ILLUMINA	38352_4	266081	588996	101	101	7503168948	3754859466	3748309482	16665630	8165153	8500477	74923300	37461650	37461650	74579175	37331686	37247489	37194280	1881258001	1942064487	4205.932	11901.598	841.000	27580396	37194280	0	0	0
SKMEL28_SIN3B_KO_C11_N3	-	SKMEL28_SIN3B_KO_C11_N3	ILLUMINA	38504_1	266081	591838	101	101	7074870367	3541178904	3533691463	16573051	8209897	8363154	70698664	35349332	35349332	70339006	35212611	35126395	35070298	1772718542	1828586623	4130.824	11747.931	818.000	26044003	35070298	0	0	0
SKMEL28_SIN3B_KO_C11_N3	-	SKMEL28_SIN3B_KO_C11_N3	ILLUMINA	38504_2	266081	591839	101	101	7033796331	3520731708	3513064623	16460959	8065142	8395817	70289764	35144882	35144882	69929114	35008284	34920830	34864986	1762585029	1817974234	4129.366	11768.060	817.000	26233221	34864986	0	0	0
SKMEL28_SIN3B_KO_C11_N4	-	SKMEL28_SIN3B_KO_C11_N4	ILLUMINA	38352_4	266082	588997	101	101	7298704760	3651569114	3647135646	15840492	7781678	8058814	72825618	36412809	36412809	72530145	36299187	36230958	36183724	1812741655	1871071212	4290.751	11974.242	902.000	31065154	36183724	0	0	0
SKMEL28_SIN3B_KO_C11_N4	-	SKMEL28_SIN3B_KO_C11_N4	ILLUMINA	38504_1	266082	591840	101	101	6847989623	3426631139	3421358484	15651902	7776794	7875108	68375932	34187966	34187966	68066236	34068162	33998074	33949176	1701297572	1754569219	4209.242	11828.683	881.000	27260229	33949176	0	0	0
SKMEL28_SIN3B_KO_C11_N4	-	SKMEL28_SIN3B_KO_C11_N4	ILLUMINA	38504_2	266082	591841	101	101	6813075255	3409300169	3403775086	15543440	7640621	7902819	68029298	34014649	34014649	67718556	33894932	33823624	33774967	1692684056	1745570319	4212.217	11854.575	880.000	27644576	33774967	0	0	0
SKMEL28_SIN3B_KO_C11_N5	-	SKMEL28_SIN3B_KO_C11_N5	ILLUMINA	38352_4	266083	588998	101	101	7288450285	3646766377	3641683908	16033125	7891367	8141758	72778814	36389407	36389407	72431560	36252172	36179388	36129940	1818085426	1874424007	4210.704	11965.982	834.000	28611821	36129940	0	0	0
SKMEL28_SIN3B_KO_C11_N5	-	SKMEL28_SIN3B_KO_C11_N5	ILLUMINA	38504_1	266083	591842	101	101	6824462184	3415325485	3409136699	15849567	7886592	7962975	68198920	34099460	34099460	67837156	33956781	33880375	33829017	1701320726	1752585353	4134.879	11844.050	811.000	25002744	33829017	0	0	0
SKMEL28_SIN3B_KO_C11_N5	-	SKMEL28_SIN3B_KO_C11_N5	ILLUMINA	38504_2	266083	591843	101	101	6793180048	3399793515	3393386533	15767491	7773485	7994006	67886622	33943311	33943311	67525769	33801554	33724215	33673429	1693638209	1744626085	4134.288	11818.769	809.000	25362593	33673429	0	0	0
SKMEL28_SIN3B_KO_C20_N1	-	SKMEL28_SIN3B_KO_C20_N1	ILLUMINA	38352_4	266084	588999	101	101	6594054340	3300039976	3294014364	14921037	7297795	7623242	66229320	33114660	33114660	65542653	32807626	32735027	32684594	1663422163	1707036725	4007.498	11827.243	644.000	20935210	32684594	0	0	0
SKMEL28_SIN3B_KO_C20_N1	-	SKMEL28_SIN3B_KO_C20_N1	ILLUMINA	38504_1	266084	591844	101	101	6181805680	3094217498	3087588182	14712630	7276215	7436415	62136764	31068382	31068382	61459669	30766521	30693148	30641293	1557988962	1597913108	3933.084	11699.004	622.000	17822871	30641293	0	0	0
SKMEL28_SIN3B_KO_C20_N1	-	SKMEL28_SIN3B_KO_C20_N1	ILLUMINA	38504_2	266084	591845	101	101	6142956463	3074877694	3068078769	14595974	7153980	7441994	61745742	30872871	30872871	61072744	30573287	30499457	30448399	1548485751	1588043250	3932.356	11686.903	622.000	17999011	30448399	0	0	0
SKMEL28_SIN3B_KO_C20_N2	-	SKMEL28_SIN3B_KO_C20_N2	ILLUMINA	38352_4	266085	589000	101	101	6625024326	3314966621	3310057705	14896875	7217431	7679444	66190564	33095282	33095282	65839618	32952185	32887433	32841974	1654228211	1712406140	4402.513	12689.854	851.000	27102161	32841974	0	0	0
SKMEL28_SIN3B_KO_C20_N2	-	SKMEL28_SIN3B_KO_C20_N2	ILLUMINA	38504_1	266085	591846	101	101	6223864153	3114871073	3108993080	14778429	7225791	7552638	62224996	31112498	31112498	61867618	30967869	30899749	30852851	1553339819	1606527987	4318.935	12544.439	826.000	23745397	30852851	0	0	0
SKMEL28_SIN3B_KO_C20_N2	-	SKMEL28_SIN3B_KO_C20_N2	ILLUMINA	38504_2	266085	591847	101	101	6186640318	3096365328	3090274990	14678123	7109907	7568216	61853758	30926879	30926879	61497515	30783453	30714062	30667701	1544162876	1597047001	4317.752	12556.074	826.000	23997016	30667701	0	0	0
SKMEL28_SIN3B_KO_C20_N3	-	SKMEL28_SIN3B_KO_C20_N3	ILLUMINA	38352_4	266086	589001	101	101	7839053685	3922538953	3916514732	17311145	8438129	8873016	78237882	39118941	39118941	77907282	38994509	38912773	38858827	1951384776	2019039442	4309.617	12092.928	881.000	31518685	38858827	0	0	0
SKMEL28_SIN3B_KO_C20_N3	-	SKMEL28_SIN3B_KO_C20_N3	ILLUMINA	38504_1	266086	591848	101	101	7446632368	3726892215	3719740153	17361421	8576201	8785220	74378280	37189140	37189140	74024743	37055492	36969251	36911985	1852967494	1915422060	4233.453	11964.994	858.000	27932132	36911985	0	0	0
SKMEL28_SIN3B_KO_C20_N3	-	SKMEL28_SIN3B_KO_C20_N3	ILLUMINA	38504_2	266086	591849	101	101	7413083994	3710246912	3702837082	17306072	8463930	8842142	74044584	37022292	37022292	73691763	36889628	36802135	36745752	1844694146	1906692070	4233.725	11946.583	857.000	28278157	36745752	0	0	0
SKMEL28_SIN3B_KO_C20_N4	-	SKMEL28_SIN3B_KO_C20_N4	ILLUMINA	38352_4	266087	589002	101	101	7054019145	3529375511	3524643634	15562537	7758845	7803692	70471690	35235845	35235845	70127223	35098439	35028784	34970709	1754037271	1809309333	4050.290	11757.966	753.000	29240018	34970709	0	0	0
SKMEL28_SIN3B_KO_C20_N4	-	SKMEL28_SIN3B_KO_C20_N4	ILLUMINA	38504_1	266087	591850	101	101	6672021378	3338811459	3333209919	15512091	7831360	7680731	66703736	33351868	33351868	66345502	33208664	33136838	33076127	1657919597	1708787662	3974.342	11601.303	731.000	25813294	33076127	0	0	0
SKMEL28_SIN3B_KO_C20_N4	-	SKMEL28_SIN3B_KO_C20_N4	ILLUMINA	38504_2	266087	591851	101	101	6627278829	3316545528	3310733301	15421545	7711885	7709660	66258872	33129436	33129436	65900613	32987017	32913596	32853688	1647101049	1697600142	3976.520	11615.623	731.000	26173581	32853688	0	0	0
SKMEL28_SIN3B_KO_C20_N5	-	SKMEL28_SIN3B_KO_C20_N5	ILLUMINA	38352_4	266088	589003	101	101	8333651128	4169840271	4163810857	18367539	8980548	9386991	83233648	41616824	41616824	82837544	41461154	41376390	41312850	2076488195	2147311860	4189.758	11986.151	802.000	34267042	41312850	0	0	0
SKMEL28_SIN3B_KO_C20_N5	-	SKMEL28_SIN3B_KO_C20_N5	ILLUMINA	38504_1	266088	591852	101	101	8033154439	4020262671	4012891768	18697886	9234539	9463347	80292600	40146300	40146300	79870458	39980373	39890085	39822468	2001143515	2067667730	4110.357	11840.986	780.000	30773397	39822468	0	0	0
SKMEL28_SIN3B_KO_C20_N5	-	SKMEL28_SIN3B_KO_C20_N5	ILLUMINA	38504_2	266088	591853	101	101	7981585352	3994494203	3987091149	18551011	9089012	9461999	79776552	39888276	39888276	79357465	39723589	39633876	39567193	1988475163	2054666574	4114.009	11861.645	778.000	31096610	39567193	0	0	0
SKMEL28_SIN3B_KO_C26_N1	-	SKMEL28_SIN3B_KO_C26_N1	ILLUMINA	38352_4	266089	589004	101	101	6933293442	3469855002	3463438440	15975227	7670037	8305190	69264318	34632159	34632159	68925971	34501267	34424704	34371358	1751571851	1801252362	3858.418	11439.848	648.000	23628204	34371358	0	0	0
SKMEL28_SIN3B_KO_C26_N1	-	SKMEL28_SIN3B_KO_C26_N1	ILLUMINA	38504_1	266089	591854	101	101	6536197926	3271781279	3264416647	15908845	7713449	8195396	65352180	32676090	32676090	64995913	32537707	32458206	32402207	1650332467	1695953924	3786.189	11338.630	626.000	20283135	32402207	0	0	0
SKMEL28_SIN3B_KO_C26_N1	-	SKMEL28_SIN3B_KO_C26_N1	ILLUMINA	38504_2	266089	591855	101	101	6494720445	3251140710	3243579735	15767211	7581417	8185794	64938976	32469488	32469488	64583256	32331850	32251406	32195520	1639962251	1685064263	3789.811	11358.931	627.000	20446175	32195520	0	0	0
SKMEL28_SIN3B_KO_C26_N2	-	SKMEL28_SIN3B_KO_C26_N2	ILLUMINA	38352_4	266090	589005	101	101	7645060940	3824647806	3820413134	16514571	8032581	8481990	76239390	38119695	38119695	75974608	38023159	37951449	37898054	1901781282	1967645983	4239.322	11911.080	893.000	30534686	37898054	0	0	0
SKMEL28_SIN3B_KO_C26_N2	-	SKMEL28_SIN3B_KO_C26_N2	ILLUMINA	38504_1	266090	591856	101	101	7324773374	3665094563	3659678811	16636732	8170303	8466429	73090804	36545402	36545402	72808502	36442284	36366218	36311172	1821286873	1882884344	4162.855	11797.158	869.000	29361208	36311172	0	0	0
SKMEL28_SIN3B_KO_C26_N2	-	SKMEL28_SIN3B_KO_C26_N2	ILLUMINA	38504_2	266090	591857	101	101	7280395205	3643040342	3637354863	16504794	8027886	8476908	72649918	36324959	36324959	72366312	36222086	36144226	36090311	1810327617	1871556982	4158.635	11791.396	867.000	29564431	36090311	0	0	0
SKMEL28_SIN3B_KO_C26_N3	-	SKMEL28_SIN3B_KO_C26_N3	ILLUMINA	38352_4	266091	589006	101	101	6940429319	3472879375	3467549944	15380324	7500179	7880145	69213198	34606599	34606599	68974705	34525713	34448992	34405913	1734434833	1788668408	4207.323	11938.344	828.000	24641940	34405913	0	0	0
SKMEL28_SIN3B_KO_C26_N3	-	SKMEL28_SIN3B_KO_C26_N3	ILLUMINA	38504_1	266091	591858	101	101	6449173705	3227816193	3221357512	15088941	7413082	7675859	64355924	32177962	32177962	64107578	32094111	32013467	31970180	1609804249	1658741523	4129.134	11806.086	803.000	21042279	31970180	0	0	0
SKMEL28_SIN3B_KO_C26_N3	-	SKMEL28_SIN3B_KO_C26_N3	ILLUMINA	38504_2	266091	591859	101	101	6424131856	3215282611	3208849245	14994146	7298936	7695210	64106444	32053222	32053222	63858411	31969092	31889319	31845643	1603640119	1652371929	4136.000	11832.829	803.000	21321534	31845643	0	0	0
SKMEL28_SIN3B_KO_C26_N4	-	SKMEL28_SIN3B_KO_C26_N4	ILLUMINA	38352_4	266092	589007	101	101	2458913381	1230180219	1228733162	5570392	2645256	2925136	24522570	12261285	12261285	24438062	12230648	12207414	12190559	612018260	633633847	4237.490	11909.220	882.000	6841905	12190559	0	0	0
SKMEL28_SIN3B_KO_C26_N4	-	SKMEL28_SIN3B_KO_C26_N4	ILLUMINA	38504_1	266092	591860	101	101	2303321131	1152635708	1150685423	5517568	2639558	2878010	22988900	11494450	11494450	22897163	11461353	11435810	11418413	573282765	593022998	4169.396	11809.738	860.000	5763416	11418413	0	0	0
SKMEL28_SIN3B_KO_C26_N4	-	SKMEL28_SIN3B_KO_C26_N4	ILLUMINA	38504_2	266092	591861	101	101	2291267274	1146603009	1144664265	5479291	2596920	2882371	22869102	11434551	11434551	22777557	11401409	11376148	11358740	570460882	590031863	4169.927	11811.110	860.000	5789661	11358740	0	0	0
SKMEL28_SIN3B_KO_C26_N5	-	SKMEL28_SIN3B_KO_C26_N5	ILLUMINA	38352_4	266093	589008	101	101	6013932343	3008877078	3005055265	13102972	6402975	6699997	59995722	29997861	29997861	59768861	29914412	29854449	29811754	1496401142	1547963475	4242.478	11973.376	890.000	23024157	29811754	0	0	0
SKMEL28_SIN3B_KO_C26_N5	-	SKMEL28_SIN3B_KO_C26_N5	ILLUMINA	38504_1	266093	591862	101	101	5574134847	2789470977	2784663870	12821642	6317238	6504404	55647116	27823558	27823558	55411087	27737056	27674031	27631229	1386700862	1433433272	4172.363	11854.153	867.000	19849683	27631229	0	0	0
SKMEL28_SIN3B_KO_C26_N5	-	SKMEL28_SIN3B_KO_C26_N5	ILLUMINA	38504_2	266093	591863	101	101	5529676871	2767271759	2762405112	12699560	6205291	6494269	55204940	27602470	27602470	54968860	27516019	27452841	27410483	1375868414	1422343511	4169.500	11846.646	866.000	20050357	27410483	0	0	0
