sample_id	filetype	library	unpaired_reads_examined	paired_reads_examined	unmapped_reads	dup_reads	dup_pairs	optical_dup_pairs	dup_percent	est_library_size
A2058_CONTROL_C2_N1	biobambam	266094	550270	99787932	1450872	469388	29136667	626319	0.293528	137506623
A2058_CONTROL_C2_N2	biobambam	266095	687766	113400564	1598888	620188	53401980	679532	0.472217	78913000
A2058_CONTROL_C2_N3	biobambam	266096	565141	108623894	2272559	508573	40600833	736368	0.37514	107228586
A2058_CONTROL_C2_N4	biobambam	266097	521633	98030154	1056613	464997	35339732	605443	0.361907	101740524
A2058_CONTROL_C2_N5	biobambam	266098	499264	101648964	1040414	445236	37409540	623376	0.36931	102474487
A2058_CONTROL_C3_N1	biobambam	266099	609644	107782728	1412438	527930	32139981	678972	0.299794	144516778
A2058_CONTROL_C3_N2	biobambam	266100	459459	94611549	984525	409321	36635268	626960	0.388438	88769495
A2058_CONTROL_C3_N3	biobambam	266101	575861	99424888	1061303	515738	36135556	590126	0.364982	101983059
A2058_CONTROL_C3_N4	biobambam	266102	561109	105985467	1042701	504679	41691283	677057	0.394704	97166697
A2058_CONTROL_C3_N5	biobambam	266103	600072	111454696	1116912	538101	41831402	715684	0.376722	109324544
A2058_CONTROL_C4_N1	biobambam	266104	570065	103779676	1220207	495374	33080595	722128	0.320265	127578835
A2058_CONTROL_C4_N2	biobambam	266105	638667	112622028	1558109	555605	37007241	845593	0.330127	133038530
A2058_CONTROL_C4_N3	biobambam	266106	550078	106441579	1031832	491622	40311231	639766	0.380044	103018575
A2058_CONTROL_C4_N5	biobambam	266107	517955	97594355	1096351	455937	34660154	585475	0.356535	103392877
A2058_SIN3B_KO_C18_N1	biobambam	266108	570478	100784909	1975194	488491	30243335	677269	0.301648	134141137
A2058_SIN3B_KO_C18_N2	biobambam	266109	464902	91846581	743930	414112	32768768	539195	0.358125	96666960
A2058_SIN3B_KO_C18_N3	biobambam	266110	571885	116405468	890993	514342	43661708	812810	0.376368	114372746
A2058_SIN3B_KO_C18_N4	biobambam	266111	569443	112058642	986701	513446	43562019	691789	0.390043	104482877
A2058_SIN3B_KO_C18_N5	biobambam	266112	604870	114481857	1029466	544770	44074091	763251	0.386346	108316851
A2058_SIN3B_KO_C20_N1	biobambam	266113	711177	101843983	1563087	611574	29291983	609322	0.289608	143015590
A2058_SIN3B_KO_C20_N2	biobambam	266114	582385	104590248	1057349	524986	50676180	638142	0.485679	69473291
A2058_SIN3B_KO_C20_N3	biobambam	266115	469877	89306108	824311	415852	34462741	564959	0.387204	84173503
A2058_SIN3B_KO_C20_N4	biobambam	266116	535224	104552302	950630	477676	41112815	645525	0.394502	95876971
A2058_SIN3B_KO_C20_N5	biobambam	266117	501343	98504060	878381	445458	37664770	653144	0.383652	94114345
A2058_SIN3B_KO_C21_N1	biobambam	266118	408100	73603964	1256266	336426	18834975	443834	0.257468	119942148
A2058_SIN3B_KO_C21_N2	biobambam	266119	480706	90830308	979524	429185	34109478	555768	0.376895	88987254
A2058_SIN3B_KO_C21_N3	biobambam	266120	779218	142327078	1323432	711727	62104697	995707	0.437654	111810366
A2058_SIN3B_KO_C21_N4	biobambam	266121	784229	103501311	1202689	703410	39345743	596216	0.382098	99601577
A2058_SIN3B_KO_C21_N5	biobambam	266122	545442	100762518	1085280	486608	39224814	630247	0.390637	93772930
A375_CONTROL_C1_N1	biobambam	266034	725645	90565328	2934819	616343	25441000	598303	0.283182	131286764
A375_CONTROL_C1_N2	biobambam	266035	539616	101410546	923766	479180	38233307	671265	0.378371	98863618
A375_CONTROL_C1_N3	biobambam	266036	583337	109954511	1079751	518801	40802572	767399	0.372457	109690235
A375_CONTROL_C1_N4	biobambam	266037	636875	115296868	1232521	569217	44795147	755083	0.389912	107643221
A375_CONTROL_C1_N5	biobambam	266038	545359	107182642	952833	484539	41141763	621504	0.385128	101728293
A375_CONTROL_C2_N1	biobambam	266039	499481	83549695	2427571	416205	23281748	495121	0.28031	122183426
A375_CONTROL_C2_N2	biobambam	266040	644167	114196588	1501203	576230	42534873	678186	0.373939	113157409
A375_CONTROL_C2_N3	biobambam	266041	770262	91007105	1449226	677116	31217753	529999	0.345284	101111529
A375_CONTROL_C2_N4	biobambam	266042	640280	112912911	1835664	570009	45125100	684840	0.401032	101112775
A375_CONTROL_C2_N5	biobambam	266043	560104	112394288	1424086	497832	44237731	763673	0.394825	103008461
A375_CONTROL_C3_N1	biobambam	266044	666418	104958539	3845892	579590	39264572	665454	0.375664	103420825
A375_CONTROL_C3_N2	biobambam	266045	581066	107356496	1204982	519018	40876717	664831	0.38214	103134656
A375_CONTROL_C3_N3	biobambam	266046	575540	116724738	1346600	514382	45908480	815949	0.394536	107117864
A375_CONTROL_C3_N4	biobambam	266047	591413	115102137	2803837	524611	44671773	758168	0.389384	107632636
A375_CONTROL_C3_N5	biobambam	266048	596027	113927246	1421087	529001	43183415	682422	0.38037	110124782
A375_SIN3B_KO_C11_N1	biobambam	266049	1033090	120233732	3051406	894515	37535179	784641	0.314554	151838371
A375_SIN3B_KO_C11_N2	biobambam	266050	487286	96947947	889224	428615	33607891	615616	0.347995	106256341
A375_SIN3B_KO_C11_N3	biobambam	266051	562688	107113893	982952	502287	43107198	733363	0.403727	95031247
A375_SIN3B_KO_C11_N4	biobambam	266052	463306	84997743	1021950	402134	26922584	519810	0.318243	105210012
A375_SIN3B_KO_C11_N5	biobambam	266053	530452	100300497	973014	468176	37106133	676953	0.371302	100462037
A375_SIN3B_KO_C25_N1	biobambam	266054	556014	98852521	2128842	475018	30495928	605673	0.31003	126714963
A375_SIN3B_KO_C25_N2	biobambam	266055	557790	103597743	1000112	495613	39839982	704805	0.385917	98191804
A375_SIN3B_KO_C25_N3	biobambam	266056	722593	143461873	1458725	656924	68180173	1082564	0.476339	98480312
A375_SIN3B_KO_C25_N4	biobambam	266057	592966	98665609	1336160	522595	33919197	598594	0.34539	109334582
A375_SIN3B_KO_C25_N5	biobambam	266058	505486	98872023	969358	445074	35835072	620563	0.36376	101861803
A375_SIN3B_KO_C26_N1	biobambam	266059	619264	100504946	2222784	526267	30146169	664903	0.301636	133816093
A375_SIN3B_KO_C26_N2	biobambam	266060	505599	101813138	890787	447436	39269835	700554	0.386942	96099144
A375_SIN3B_KO_C26_N3	biobambam	266061	528163	101985919	918507	467886	39578195	637314	0.389361	95336943
A375_SIN3B_KO_C26_N4	biobambam	266062	468499	96597946	962263	410998	34741120	549491	0.360899	100512712
A375_SIN3B_KO_C26_N5	biobambam	266063	669351	125432996	1312809	600030	50133668	915166	0.401007	112475641
SKMEL28_CONTROL_C4_N1	biobambam	266064	673735	107710952	1403085	594086	35458378	664682	0.330922	126623060
SKMEL28_CONTROL_C4_N2	biobambam	266065	508737	92255055	798569	457320	37028287	569083	0.402737	82104166
SKMEL28_CONTROL_C4_N3	biobambam	266066	603370	112355926	927152	546976	45966766	777940	0.410449	97295156
SKMEL28_CONTROL_C4_N4	biobambam	266067	613526	116887661	935048	556274	48801529	834568	0.418788	98219762
SKMEL28_CONTROL_C4_N5	biobambam	266068	469004	84855878	727686	417528	33409017	503826	0.395083	77651885
SKMEL28_CONTROL_C6_N1	biobambam	266069	536303	102669450	925277	476418	36083561	650382	0.352852	110412688
SKMEL28_CONTROL_C6_N2	biobambam	266070	504995	86411911	801023	444995	26937669	492404	0.313395	109159834
SKMEL28_CONTROL_C6_N3	biobambam	266071	714800	125224844	1178320	648169	48682926	949758	0.390238	116961583
SKMEL28_CONTROL_C6_N4	biobambam	266072	678706	121017029	1106922	614513	47480670	804487	0.393782	111403720
SKMEL28_CONTROL_C6_N5	biobambam	266073	554636	95805654	901414	493940	34516657	630438	0.361808	99576912
SKMEL28_CONTROL_C7_N1	biobambam	266074	661585	115604712	3280257	581713	38924705	796354	0.338253	131976302
SKMEL28_CONTROL_C7_N2	biobambam	266075	613856	110258642	1721016	555084	45219025	758058	0.411489	95127756
SKMEL28_CONTROL_C7_N3	biobambam	266076	465748	89299802	810828	414579	33353246	523071	0.374841	88132708
SKMEL28_CONTROL_C7_N4	biobambam	266077	609723	118601084	1350373	552071	51014413	743333	0.431353	95174819
SKMEL28_CONTROL_C7_N5	biobambam	266078	632666	116361545	1500182	571769	46688699	740610	0.402601	103632015
SKMEL28_SIN3B_KO_C11_N1	biobambam	266079	466486	87545522	1331792	402555	27195658	568354	0.312113	111276763
SKMEL28_SIN3B_KO_C11_N2	biobambam	266080	535252	104099981	921440	484044	44916739	709992	0.432689	83188248
SKMEL28_SIN3B_KO_C11_N3	biobambam	266081	588167	107129564	1064433	527310	39665155	669596	0.371695	107101742
SKMEL28_SIN3B_KO_C11_N4	biobambam	266082	499203	103907867	915911	448317	42760821	639608	0.412692	89119176
SKMEL28_SIN3B_KO_C11_N5	biobambam	266083	529713	103632386	1069871	474370	39251394	597799	0.380073	100252221
SKMEL28_SIN3B_KO_C20_N1	biobambam	266084	526494	93774286	2036760	450732	28153180	570117	0.301779	124566504
SKMEL28_SIN3B_KO_C20_N2	biobambam	266085	479699	94362526	1064567	428276	37208149	637999	0.395574	86250110
SKMEL28_SIN3B_KO_C20_N3	biobambam	266086	590660	112516564	1036958	531932	43598521	731592	0.388829	105446669
SKMEL28_SIN3B_KO_C20_N4	biobambam	266087	572290	100900524	1060960	511303	40357795	627660	0.401372	90263160
SKMEL28_SIN3B_KO_C20_N5	biobambam	266088	660445	120702511	1237333	594087	47771481	881356	0.397153	109802835
SKMEL28_SIN3B_KO_C26_N1	biobambam	266089	566970	98969085	1050334	491320	31933097	680770	0.324211	119682567
SKMEL28_SIN3B_KO_C26_N2	biobambam	266090	550348	110299537	830690	495577	44482374	738305	0.404524	97538113
SKMEL28_SIN3B_KO_C26_N3	biobambam	266091	497222	98221736	734872	438245	33283754	615736	0.340233	111043607
SKMEL28_SIN3B_KO_C26_N4	biobambam	266092	177358	34967712	267790	143834	9125574	214699	0.262363	55608146
SKMEL28_SIN3B_KO_C26_N5	biobambam	266093	441876	84853466	698970	390975	31266611	498444	0.369819	85363615
